1 1 -1.42052561854364701e+00
2 1 1.54520017538947609e+01
3 1 -3.30310423424673358e-02
4 1 -7.62419257128953198e-01
6 1 -7.61913099280982437e-05
8 1 3.03259920909988523e+01
15 1 1.47203822212103272e+01
16 1 3.22770735881523811e-14
17 1 -3.22637048758473363e-02
18 1 -7.84157743499170882e-14
19 1 2.34282159470767759e+00
20 1 -1.71813115065042911e-02
21 1 2.25859107446249086e+00
22 1 5.13705581009531083e-15
23 1 7.39557098644698568e-32
24 1 6.93299097541179817e-19
1 2 1.17998823720563273e+00
2 2 -2.33116980570222907e+01
3 2 -8.24210977807471046e-02
4 2 -1.90243563888259914e+00
6 2 -1.90117264254571414e-04
8 2 7.56712892531648009e+01
15 2 3.67312072639158345e+01
16 2 8.05397483586272601e-14
17 2 -8.05063899216553469e-02
18 2 -1.95667885325496741e-13
19 2 5.84595320178513767e+00
20 2 -4.28718700729105590e-02
21 2 5.63577600321922745e+00
22 2 1.28182990666528910e-14
23 2 2.46519032881566189e-31
24 2 1.72996274587067670e-18
1 3 -6.39624470077980803e-03
2 3 -2.09000948413805288e-01
3 3 -4.03097151595291514e+00
4 3 1.36677346300965983e+01
6 3 -4.62310252095174401e-03
8 3 2.80104158400760461e+00
15 3 -2.54559359611944345e+01
16 3 -3.09950828856449835e-13
17 3 3.09822451559531253e-01
18 3 7.53012325878841302e-13
19 3 -4.05143803925483148e+00
20 3 2.27061735973285717e-01
21 3 2.59802528827021095e-01
22 3 -4.93302065279340699e-14
23 3 -5.91645678915758854e-31
24 3 -6.65762431471465120e-18
1 4 -4.18826755821777100e-02
2 4 -1.36854034332296060e+00
3 4 3.87734376522538815e+00
4 4 -1.72137551997679168e+01
6 4 -3.02721224915868843e-02
8 4 1.83412488801244642e+01
15 4 -1.66685728482747805e+02
16 4 -2.02956119077794306e-12
17 4 2.02872057492747260e+00
18 4 4.93073239526304653e-12
19 4 -2.65288576309028450e+01
20 4 1.48680256459478422e+00
21 4 1.70118961036073202e+00
22 4 -3.23014695819782888e-13
23 4 -6.31088724176809444e-30
24 4 -4.35941919619205404e-17
1 5 1.06382284732170007e-03
2 5 3.47610190722383097e-02
3 5 -3.26114773865777002e-02
4 5 -7.52734900254285355e-01
6 5 3.62231034529129636e-02
8 5 -7.82986061626545826e-01
15 5 2.10035204762685737e+02
16 5 2.45466827481098549e-12
17 5 -2.45365158555380525e+00
18 5 -5.96351193412192909e-12
19 5 3.34281410612998329e+01
20 5 -1.79370674140673536e+00
21 5 -4.59983311102392212e-01
22 5 3.90672589587023204e-13
23 5 7.88860905221011805e-30
24 5 5.27253282439486864e-17
1 6 -2.05478348818224243e-01
2 6 -6.71412239376580544e+00
3 6 -1.22058784883786103e-01
4 6 -2.81734881788800262e+00
5 6 3.14159265358979326e+02
6 6 -8.04108943231096260e-03
8 6 1.10907082158659406e+02
10 6 2.50000000001637773e+02
15 6 8.74135131698775858e+00
16 6 -4.08188845873898798e-13
17 6 4.08019779764738744e-01
18 6 9.91677400455217509e-13
19 6 1.39122927140145114e+00
20 6 3.21664247004412152e-01
21 6 8.34611512528078059e+00
22 6 -6.49652725358067773e-14
23 6 -1.18329135783151771e-30
24 6 -8.76773904851853039e-18
1 7 1.65449717746446595e-01
7 7 -3.33333333332728321e+00
7 8 -5.33333333330101311e+01
8 8 -1.99999999998865547e+02
9 8 -5.99999999996596678e+00
7 9 3.33333333332728321e+00
10 10 -1.00000000000000000e+01
11 10 -2.50000000000250022e+00
10 11 2.08479893808806950e-16
11 11 -2.50000000000250022e+00
12 11 3.33333333333666726e+00
6 12 9.99999999999999917e-02
10 12 -7.50527617710804218e-17
11 12 3.08148791101957736e-33
12 12 -3.33333333333666726e+00
13 12 2.00000000000199990e-01
6 13 7.49999999999999972e-02
10 13 -6.67135660187381555e-17
11 13 3.08148791101957736e-33
13 13 -2.00000000000199990e-01
14 13 3.33333333333666726e+00
6 14 7.49999999999999972e-02
10 14 -6.67135660187381555e-17
11 14 3.08148791101957736e-33
14 14 -3.33333333333666726e+00
1 15 -1.06483595489609718e-03
2 15 -3.47941229408048752e-02
3 15 3.26109196952765884e-02
4 15 7.52722027678751959e-01
6 15 -3.62230153067154559e-02
8 15 7.82547265967515004e-01
15 15 -2.10035195608026640e+02
16 15 -2.45467059417004116e-12
17 15 2.45365390395221539e+00
18 15 5.96351756890588278e-12
19 15 -3.34281396042905854e+01
20 15 1.79370856381108812e+00
21 15 4.60023407370491244e-01
22 15 -3.90672958724481702e-13
23 15 -7.88860905221011805e-30
24 15 -5.27253780628873995e-17
16 16 -1.99993783424341700e+02
17 16 -4.91262599095650395e-34
18 16 7.57555048927286003e-05
22 16 -3.18299992196339439e+01
23 16 9.90752124285753500e-25
24 16 -4.29578936836569857e-03
16 17 -2.07679095418307460e-10
17 17 -4.58366504879675085e+03
18 17 4.58127175271427222e+03
22 17 -3.30531546126770245e-11
23 17 -5.17492753824983744e-28
24 17 -4.46086690723197939e-15
16 18 2.63991800594050401e+04
17 18 4.58127175279628227e+03
18 18 -6.87332444779159268e+04
22 18 4.20156000002730616e+03
23 18 1.16600000001002499e+02
24 18 5.67044210530001203e-01
15 19 3.14159265361037399e+02
16 19 -2.20114703907487764e-12
17 19 -1.04630117534846574e-15
18 19 5.34743985151082600e-12
22 19 -3.50323431740856041e-13
23 19 -7.88860905221011805e-30
24 19 -4.72797898352902083e-17
1 20 6.65418016047426980e-02
2 20 2.17429136863055961e+00
3 20 -7.24526395604230489e-01
4 20 -1.67234467074838662e+01
6 20 8.26870488397917769e-01
8 20 3.03348776929872610e-01
15 20 2.29852868836527733e+02
16 20 5.38026092670034438e-11
17 20 -5.59805603337417139e+01
18 20 -1.30711298721900496e-10
19 20 3.65822202591864496e+01
20 20 -4.09288388056031778e+01
21 20 2.16623274590837134e-01
22 20 8.56295121608541383e-12
23 20 3.94430452610505903e-29
24 20 1.15565930561517903e-15
1 21 -4.03907343284163264e-02
2 21 -1.31979031082720644e+00
3 21 -2.39930093902578079e-02
4 21 -5.53804273142472603e-01
6 21 5.43834206423165611e-03
8 21 -1.75598728680495633e+01
15 21 8.97380757798379336e-01
16 21 -1.80426023514759685e-12
17 21 -3.96722418965774037e-01
18 21 4.38322028017257659e-12
19 21 1.42822583439162959e-01
20 21 -2.85168153403118407e-01
21 21 -1.03594100271988854e+01
22 21 -2.87156935047885435e-13
23 21 -6.31088724176809444e-30
24 21 -3.87548142907360137e-17
16 22 3.14159265361035182e+02
17 22 -1.04630117534846574e-15
18 22 5.34743985151082519e-12
22 22 -3.50323431726024901e-13
23 22 -7.88860905221011805e-30
24 22 -4.72797898332889730e-17
16 23 2.19993167159860796e+01
17 23 -1.04630117534811904e-15
18 23 -5.34619120558632233e+01
22 23 3.50129999999334629e+00
23 23 -1.86171173632158786e-28
24 23 4.72536842104365261e-04
16 24 1.60074676095224322e-11
17 24 -1.04630117534846574e-15
18 24 1.96794298919987596e-03
22 24 2.54766759643890064e-12
23 24 4.57539325028186847e-29
24 24 -9.64360902255635699e-02
