5.74415514449643660e-06 0.00000000000000000e+00
-9.64360902255476798e-02 0.00000000000000000e+00
-9.71668543691864145e-02 0.00000000000000000e+00
-1.19526345253373550e-01 1.82810279773073203e+00
-1.19526345253373550e-01 -1.82810279773073203e+00
-2.72528706138969457e-01 0.00000000000000000e+00
-5.85925384778120506e-01 0.00000000000000000e+00
-7.15608218965005149e-01 0.00000000000000000e+00
-1.96374531573072786e+00 9.27529798697684704e-01
-1.96374531573072786e+00 -9.27529798697684704e-01
-3.15745841431848184e+00 0.00000000000000000e+00
-5.89156534102953255e+00 0.00000000000000000e+00
-9.49419536330069036e+00 0.00000000000000000e+00
-1.07244946222739639e+01 0.00000000000000000e+00
-2.04581130492552994e+01 0.00000000000000000e+00
-2.42420788662110347e+01 0.00000000000000000e+00
-3.94039079434239454e+01 0.00000000000000000e+00
-7.79098367781739540e+01 0.00000000000000000e+00
-9.99968760426305892e+01 5.58913603309468265e-01
-9.99968760426305892e+01 -5.58913603309468265e-01
-1.32980821679100984e+02 0.00000000000000000e+00
-2.00005363975634623e+02 0.00000000000000000e+00
-4.25813589914319255e+03 0.00000000000000000e+00
-6.90586764920542773e+04 0.00000000000000000e+00
