1.14401077241701711e-11 1.47740771980875021e-30 3.88014813144206141e-20 5.15870920472113873e-04 5.15870920472113873e-04 2.32427237525002911e-01 1.65389704543292032e-03 5.05629398091882676e-01 1.00000000000000000e+00 1.00000000000000000e+00 8.79245707251481786e-08 9.81470632004843152e-07 1.49571686259364793e-05 2.22981390349146075e-02 1.15856613771319998e-02 4.12112303818126524e-02 4.67361461210527570e-06 3.54039314869855905e-08 1.17890869402431548e-21 1.17890869402431548e-21 1.48105334986877063e-07 2.70249927498527770e-05 2.48304502033448073e-22 1.25378695651862674e-24 
4.69375296433654287e-13 8.10780029156068309e-32 2.37449029767768311e-21 4.46764644457314981e-05 4.46764644457314981e-05 1.05288421835563681e-02 7.10644701380920134e-05 1.96242103628150623e-02 2.57668614333468812e-02 2.57668614333468812e-02 4.85934061995630808e-09 1.22448450771994059e-05 2.14449997415298431e-05 2.43330735649948532e-02 1.79186716134870000e-01 1.00000000000000000e+00 1.29577072936184036e-03 2.13625441597514959e-04 1.75742119549048845e-20 1.75742119549048845e-20 1.08969443981871443e-04 8.46747978777082484e-06 5.61535515920984918e-21 6.17598656992187311e-24 
3.77716633671874574e-11 5.44792053680476637e-32 2.39618391580154405e-21 2.67429568494702075e-05 2.67429568494702075e-05 1.26314859227850754e-02 5.40621400805696385e-04 1.00000000000000000e+00 8.64014346187230858e-02 8.64014346187230858e-02 6.70415467972530306e-10 3.33435166932922785e-06 1.88900367627273723e-06 1.42196082863270032e-03 1.96300918804153263e-01 1.78137029831516615e-02 6.35787900674737011e-04 1.50748014669930005e-05 2.07378720813595037e-21 2.07378720813595037e-21 2.35444594617855526e-06 1.70028142506168031e-10 1.32618790077671669e-22 4.44470866950769428e-25 
1.07153142361375555e-11 1.50898205259532462e-32 6.63079898302413641e-22 8.40198680961578373e-06 8.40198680961578373e-06 3.18962406833738421e-03 1.18250293530576352e-04 2.05405570114088304e-01 9.44064109721425883e-03 9.44064109721425883e-03 2.02985215892671958e-11 7.97736246618285807e-08 7.16785280535267045e-07 8.68383831381284478e-04 1.00000000000000000e+00 1.52375437617184611e-01 2.56602337221167529e-02 1.47532120854101476e-02 3.61118781831675715e-18 3.61118781831675715e-18 8.49519911673887219e-03 1.12707777570652202e-07 2.97885330480258773e-20 2.82568449657918901e-22 
1.00000000000000000e+00 3.24431128934996104e-32 3.63964632433185593e-23 5.32260965398234190e-05 5.32260965398234190e-05 6.13411856631343254e-07 9.79465361171927748e-06 1.14226045404322236e-06 1.00378088336493634e-07 1.00378088336493634e-07 6.72927071083218043e-08 9.22410290110135079e-05 2.08506558317455039e-05 3.14981962208395973e-06 2.28239898951468897e-06 1.92338576184003349e-06 2.98866589266256946e-03 2.16932135887166295e-03 2.76550333980543855e-19 2.76550333980543855e-19 9.23987021794206876e-04 2.96533554986524891e-10 8.19199926376498093e-21 7.45880662514562784e-25 
9.19084509451374480e-07 1.59931206379226513e-35 5.04627994324653699e-25 1.00000000000000000e+00 1.00000000000000000e+00 3.26733817497020025e-07 1.06606318214482992e-01 2.89262634149718505e-04 2.38734496937130261e-05 2.38734496937130261e-05 6.94844052489766674e-04 4.34253745002615488e-01 5.33107636288271056e-02 6.10315836691559474e-05 1.67417755625703162e-06 1.63334503933053982e-04 3.31343439857040289e-03 2.16294059338091073e-03 2.94401227760370493e-19 2.94401227760370493e-19 9.13239458663095936e-04 6.05587052869158823e-09 3.55793454600331163e-24 1.41975927485256440e-26 
3.00693149090811584e-12 3.32328019123419216e-31 8.22811495937817196e-21 1.71177563159035197e-04 1.71177563159035197e-04 2.43303074702765944e-02 1.24133718195129140e-04 6.44352036002038414e-02 9.79329869220393223e-01 9.79329869220393223e-01 1.55601373614040531e-06 4.75418821128744556e-05 3.04576338878727635e-06 1.46824648534856095e-02 7.05634588534590000e-04 6.89007893618830570e-03 1.06742779861708592e-06 8.28410166391889413e-08 1.18673444400230544e-22 1.18673444400230544e-22 2.47926522757192722e-07 2.72737142724830294e-05 9.39248669257777514e-27 1.69857642836139418e-29 
5.01083118985923739e-14 1.36064069497824450e-32 2.67081453688753112e-22 3.16629042257215112e-06 3.16629042257215112e-06 3.72859663239757889e-04 1.71024018594398426e-06 8.46396695731101655e-04 8.17982770578965131e-03 8.17982770578965131e-03 1.39026750832073761e-09 6.26573310644340631e-07 9.84984580923769037e-08 5.73346591443472508e-04 6.73037200058359880e-05 8.19666654282018682e-04 2.39748885285587367e-07 5.06018929045355432e-08 9.90950032662525773e-24 9.90950032662525773e-24 4.79609744250411436e-07 1.00000000000000000e+00 1.52211792637423241e-27 7.26718947328213728e-32 
1.74489877302770318e-06 1.81534220614461055e-29 4.44219717416855757e-19 7.01848086238230024e-05 7.01848086238230024e-05 1.00000000000000000e+00 1.03483954949471781e-03 2.59506397721871174e-01 1.52043446260244353e-01 1.52043446260244353e-01 1.16810607650575583e-08 1.40329216922068008e-06 8.12744855012161983e-08 3.66645988867177620e-04 1.10290857934836834e-05 9.33714953931057530e-05 9.38852013230931717e-09 3.83521339629653412e-10 1.14049379075403925e-24 1.14049379075403925e-24 6.83544450349893026e-10 5.03790430946066595e-08 2.46985748347973486e-31 9.22362918247727221e-36 
5.74414655056894321e-07 3.51091237000653669e-35 5.83470105116754714e-25 1.82422378112890304e-01 1.82422378112890304e-01 3.50348701879636685e-07 6.66004434289140749e-03 5.06828466092774748e-05 3.35721122814587513e-05 3.35721122814587513e-05 3.20697193792014279e-04 6.22678031913472929e-01 1.00000000000000000e+00 3.95375318321975063e-04 1.03079047168071501e-08 3.67093987519189001e-07 5.97710477924651877e-07 1.73422879328155534e-08 1.86104959905606038e-24 1.86104959905606038e-24 7.42813171261700139e-10 8.99003730038209596e-16 1.74089857159112334e-34 1.01852510963123126e-40 
2.29765464737980148e-06 1.54141306822062918e-34 1.88590061421692459e-24 6.10711474547912192e-01 6.10711474547912192e-01 1.52998916294231847e-06 3.27563794462210761e-02 2.63708569776768332e-04 2.53488111271033521e-04 2.53488111271033521e-04 3.33767708671937587e-03 7.54292413814490414e-01 7.23177735860088683e-02 3.48285584780368731e-05 6.00292650640219492e-09 2.40463736412671458e-07 4.76237473170763616e-07 1.56174843112406440e-08 5.23876921506182289e-23 5.23876921506182289e-23 7.00116484152941942e-10 8.64865275182768376e-16 5.39193824659759303e-34 8.46898149854003725e-41 
1.72324199391743498e-06 1.15368893100995974e-33 2.18660477461260896e-24 4.95761325425153554e-01 4.95761325425153554e-01 1.11343498049356001e-06 2.28208389720793506e-02 1.79758906661143186e-04 1.64187969866095548e-04 1.64187969866095548e-04 1.24769574717264117e-02 1.00000000000000000e+00 8.20996533016440239e-02 3.87553837220213452e-05 6.29504347587625939e-09 2.50047594358067879e-07 4.87239919495321824e-07 1.57919973235378719e-08 6.46248950600240191e-22 6.46248950600240191e-22 7.04616613016019821e-10 8.68529858494776932e-16 1.21663185908453305e-32 4.09241353357199393e-40 
1.72317516040829687e-05 1.09253672715037678e-32 3.14912288555653985e-23 1.53872530169678806e-01 1.53872530169678806e-01 6.11396514998794883e-05 1.00000000000000000e+00 1.78239994108644168e-03 3.79754151034728503e-05 3.79754151034728503e-05 6.26059572853711471e-02 3.56067382643389255e-03 4.06111063572894577e-04 2.14647603293010501e-07 3.19226804897425445e-11 1.14646034284033190e-09 1.56216974273896652e-09 2.79976212021775209e-11 1.34016675293043951e-23 1.34016675293043951e-23 7.58060239856808554e-13 6.31395007740032996e-19 1.37298139421605674e-35 5.62111464269745392e-43 
5.16966056010934020e-07 4.93285221709025111e-35 3.36946919116784636e-25 3.73434531872901126e-02 3.73434531872901126e-02 7.55255718981897724e-07 7.70020726086097923e-02 1.96646164755716069e-04 3.18140177275177136e-05 3.18140177275177136e-05 1.00000000000000000e+00 3.40678130614440466e-02 7.22248850051383112e-04 2.51072837117664158e-07 9.12729899068007680e-12 2.50020893466827132e-10 1.72878580439886568e-10 1.36499361940479736e-12 7.07562496977532715e-23 7.07562496977532715e-23 2.04881000770056680e-14 1.10592495661551723e-20 3.52643885125661213e-37 1.42052219845571953e-44 
6.90452494198240013e-17 3.60341305329157939e-35 8.80503218795560232e-25 5.07675678013485451e-05 5.07675678013485451e-05 4.22826545586226510e-10 1.76073350257380502e-06 2.91667684279477601e-07 2.26294402339562463e-07 2.26294402339562463e-07 6.98233709492254290e-08 9.23843145029162654e-05 2.06115512344656759e-05 6.62545708969733598e-06 2.03451871691267671e-03 4.00112243938029506e-05 6.90994642254227475e-03 5.58196735553268319e-01 1.38374874627707650e-16 1.38374874627707650e-16 1.00000000000000000e+00 8.48447065770435915e-07 1.58295077561477908e-19 2.44601940587734578e-22 
1.00326974180803819e-26 1.68029324299647502e-13 4.37832291737203689e-17 1.64544048468267051e-24 1.64544048468267051e-24 1.03049135549534478e-23 1.35146097688056543e-24 2.57346563693619782e-24 9.23724152190203176e-23 9.23724152190203176e-23 1.36653204241698679e-26 6.63935557199011917e-24 1.77182846537873532e-24 2.95135408370432462e-22 1.81446253104010187e-22 5.85080219760128622e-21 4.01545691709360675e-20 1.09605128450950470e-16 9.99999999674518469e-01 9.99999999674518469e-01 1.09133032439730972e-16 1.00933178271447510e-23 6.05239146180926663e-10 4.21474133374850150e-10 
3.62344335605309099e-27 3.32984800223273546e-17 1.51306675753929293e-06 3.82666559312037483e-24 3.82666559312037483e-24 3.40705446301321032e-23 8.76052192925137949e-25 1.80577080645713010e-23 1.21215406110892829e-22 1.21215406110892829e-22 5.41922979908271006e-28 8.76019937920182424e-24 2.61112969491215049e-24 1.89054233769560484e-22 1.10355012918708539e-21 2.79125917579621160e-21 3.27751011802380888e-19 1.15542062486214369e-19 2.55790663288534173e-10 2.55790663288534173e-10 1.87712184252672445e-19 3.63353056666730474e-24 1.00000000000000000e+00 5.04881261647846091e-03 
5.98265722236886161e-33 3.33318773374280056e-17 1.51458383295576030e-06 5.07076839097862137e-26 5.07076839097862137e-26 1.08003536550204644e-24 1.02935457836259317e-26 5.69137872535281602e-24 7.82969930411064044e-24 7.82969930411064044e-24 2.96009731984526344e-29 1.41625407057440771e-25 1.39766465545041708e-26 1.60887901996197337e-23 3.51598545426281113e-23 6.13591304927298003e-22 9.53726685252402306e-21 1.10876161861290004e-20 2.45007576813134684e-10 2.45007576813134684e-10 1.43411662686279602e-20 2.15301835552074528e-25 5.04902660649385413e-03 1.00000000000000000e+00 
1.45321075249543123e-16 6.33030940737759756e-35 4.40957928843868135e-26 5.08550770886984958e-05 5.08550770886984958e-05 4.25143816013508296e-10 1.78161132865897387e-06 2.95902692279626878e-07 2.35501529314868059e-07 2.35501529314868059e-07 7.45298702691351084e-08 1.04724091001070783e-04 2.54427129880492038e-05 8.43459177159825726e-06 3.44344746883550870e-03 7.76678059260342422e-05 3.26061079192157890e-02 1.00000000000000000e+00 1.55943891216593013e-16 1.55943891216593013e-16 6.02548865976314296e-01 2.82805575508795716e-07 1.49897422976950680e-21 4.26546950010913164e-25 
4.50004020452010216e-08 2.68183736587821176e-31 7.56099989426095346e-21 4.62628750180325171e-05 4.62628750180325171e-05 8.86888084380579343e-06 9.66130143629834264e-06 7.63594777591451441e-05 5.21977122166890014e-05 5.21977122166890014e-05 7.05742625633730660e-08 8.40824243861099118e-05 2.88902666505916010e-05 1.37268624224023343e-04 2.25534799308340674e-03 4.94385828240437829e-03 1.00000000000000000e+00 4.89987838630795910e-02 2.70286609795734064e-20 2.70286609795734064e-20 2.72717219745807760e-02 7.74368916959302920e-09 1.20578379587980116e-20 9.80265251758730234e-23 
2.55613875944340249e-08 6.86289715773995709e-32 1.15279748878418781e-21 2.72795679816633880e-05 2.72795679816633880e-05 2.50740228045939978e-03 6.60312858049570343e-06 2.69631546584729424e-03 3.60535217784635417e-02 3.60535217784635417e-02 2.48266971051116575e-08 1.65884137546630863e-04 5.13645788169815186e-04 1.00000000000000000e+00 2.10258486488032904e-03 4.47959035762958424e-02 2.85022239573523627e-04 2.97798259056453579e-05 4.38765234574562435e-21 4.38765234574562435e-21 2.15292103971338346e-05 1.78637977820987568e-07 1.34380900195354860e-21 8.20473646689938410e-24 
8.54435301748069178e-32 1.68354031640492145e-13 4.38684756557393166e-17 9.76704866959730677e-26 9.76704866959730677e-26 1.62223905727193226e-26 8.18060228992228384e-27 3.07987679562582978e-25 2.47314013827506968e-24 2.47314013827506968e-24 4.47695665534149937e-28 1.15847894982275761e-24 4.71259935037849308e-25 2.08732140625086441e-23 5.07733800008943203e-22 5.09136793471080219e-21 5.64115067863726365e-20 1.91802184312157104e-16 1.00000000000000000e+00 1.00000000000000000e+00 6.38078972116399616e-17 2.78098388714555435e-24 7.19129100430224989e-12 3.05372917115471277e-13 
6.13194689411156571e-23 5.84131199265495702e-15 1.00000000000000000e+00 4.74895205228551172e-22 4.74895205228551172e-22 2.65074452969657828e-19 5.12417069135001805e-22 1.00500211845671996e-19 2.26044330926757991e-20 2.26044330926757991e-20 8.88563237766827473e-26 4.02884630611510405e-23 1.73941327743839776e-24 1.14000462197694048e-21 4.77222119003101484e-21 1.34771254725739374e-20 5.09519269029829904e-20 1.38788358659740667e-20 4.81494754136472170e-13 4.81494754136472170e-13 5.13825713983665339e-21 5.15089699170581392e-26 1.73584788390539597e-06 1.30709314219414128e-06 
3.02635136717221556e-32 1.00000000000000000e+00 5.99519025280910159e-15 1.82974859552888834e-30 1.82974859552888834e-30 4.57372136943867891e-29 8.50427826725226943e-31 2.15390909558703045e-29 9.28424332995498183e-29 9.28424332995498183e-29 6.54028339870308824e-33 2.61677675443768880e-30 3.19168384025915840e-31 4.55995879995017377e-28 5.87593884283685052e-28 2.89296856712236845e-29 2.47213768332298186e-25 2.33247621879742311e-24 1.74831540729872677e-10 1.74831540729872677e-10 1.43375106847633928e-24 6.75321459675204640e-31 3.25873345135541325e-13 2.34667075528456357e-13 
