9.13786828106425697e-02 3.92452704336530500e+00
9.13786828106425697e-02 -3.92452704336530500e+00
6.05096865122493644e-05 0.00000000000000000e+00
-1.00000000000000006e-01 0.00000000000000000e+00
-1.00000000000000006e-01 0.00000000000000000e+00
-1.00000000000000006e-01 0.00000000000000000e+00
-1.00000000000000006e-01 0.00000000000000000e+00
-1.85185185185185175e-01 0.00000000000000000e+00
-1.85185185185185175e-01 0.00000000000000000e+00
-1.85185185185185175e-01 0.00000000000000000e+00
-1.85185185185185175e-01 0.00000000000000000e+00
-3.17941054518126931e-01 8.43269348798460605e-01
-3.17941054518126931e-01 -8.43269348798460605e-01
-3.22290156427076147e-01 0.00000000000000000e+00
-3.28675798084357096e-01 0.00000000000000000e+00
-3.28712446906197220e-01 0.00000000000000000e+00
-6.78112425375441696e-01 6.81720928129238679e+00
-6.78112425375441696e-01 -6.81720928129238679e+00
-6.80869582961148523e-01 7.01282591437704017e+00
-6.80869582961148523e-01 -7.01282591437704017e+00
-9.99999999999991895e-01 0.00000000000000000e+00
-9.99999999999999889e-01 0.00000000000000000e+00
-1.00000000000000000e+00 0.00000000000000000e+00
-1.00000000000000000e+00 0.00000000000000000e+00
-1.66513369719132109e+00 0.00000000000000000e+00
-2.26112348425338539e+00 0.00000000000000000e+00
-2.33236736894939867e+00 0.00000000000000000e+00
-2.33316071592818419e+00 0.00000000000000000e+00
-3.07453552804640973e+00 0.00000000000000000e+00
-3.14530037646493588e+00 3.94252785057620358e-03
-3.14530037646493588e+00 -3.94252785057620358e-03
-3.14666469715518238e+00 0.00000000000000000e+00
-4.57719174565569720e+00 0.00000000000000000e+00
-4.89581124031027137e+00 0.00000000000000000e+00
-5.05007972331235067e+00 8.18520171511273764e-01
-5.05007972331235067e+00 -8.18520171511273764e-01
-5.05727955663441087e+00 8.03381394486688993e-01
-5.05727955663441087e+00 -8.03381394486688993e-01
-5.63632199316169569e+00 0.00000000000000000e+00
-6.04879506624999230e+00 0.00000000000000000e+00
-9.73796842384896522e+00 0.00000000000000000e+00
-9.78824307322525122e+00 0.00000000000000000e+00
-9.89895371064507046e+00 0.00000000000000000e+00
-9.90443085047759020e+00 0.00000000000000000e+00
-9.99999999995448974e+00 0.00000000000000000e+00
-9.99999999995448974e+00 0.00000000000000000e+00
-9.99999999995448974e+00 0.00000000000000000e+00
-1.00000000000100009e+01 0.00000000000000000e+00
-1.37864083521800733e+01 0.00000000000000000e+00
-1.43749294307769802e+01 0.00000000000000000e+00
-1.60688841090905186e+01 2.21770756175477182e+01
-1.60688841090905186e+01 -2.21770756175477182e+01
-1.78785258034349717e+01 1.62042220286250576e+01
-1.78785258034349717e+01 -1.62042220286250576e+01
-2.47604087869075897e+01 4.89052262409631067e-01
-2.47604087869075897e+01 -4.89052262409631067e-01
-2.49049956713799574e+01 0.00000000000000000e+00
-2.66518457215108420e+01 0.00000000000000000e+00
-3.05758822018620222e+01 1.36229883336148883e-01
-3.05758822018620222e+01 -1.36229883336148883e-01
-5.00000000000000000e+01 0.00000000000000000e+00
-5.00000000000000000e+01 0.00000000000000000e+00
-5.00000000000000000e+01 0.00000000000000000e+00
-5.00000000000000000e+01 0.00000000000000000e+00
-9.45480700455990473e+01 0.00000000000000000e+00
-9.59389922677626572e+01 0.00000000000000000e+00
-9.76199655327171882e+01 0.00000000000000000e+00
-9.76711538679050193e+01 0.00000000000000000e+00
-2.37179572112624328e+02 0.00000000000000000e+00
-3.01885626823833718e+02 0.00000000000000000e+00
