1 1 -1.13645678481532819e+00
2 1 2.85948926828815111e+01
3 1 3.22228327267978440e-02
4 1 5.44554355930456313e-01
6 1 -4.15342071112167061e-02
7 1 2.46999146496913902e+01
17 1 3.50267275032511288e-02
18 1 1.21310441763754318e+00
19 1 3.46320695597739005e-03
20 1 5.85269597293271923e-02
22 1 1.53630433994527658e-02
23 1 6.80961292901055426e+00
33 1 3.42887205530472729e-03
34 1 1.18754452222749052e-01
35 1 4.53387224935747173e-03
36 1 7.66208205080167876e-02
38 1 1.02990465376906308e-03
39 1 7.98418197757094772e-01
49 1 5.52692900831126040e-03
50 1 1.91417882111000831e-01
51 1 2.88221006333749894e-03
52 1 4.87083199048404386e-02
54 1 2.25041428162093453e-03
55 1 1.13880879147024272e+00
65 1 2.87095259968337473e+01
66 1 1.20700978986588225e+00
67 1 5.52207853896260370e-01
68 1 6.56239182240819385e+00
69 1 3.10260971211266612e-01
70 1 -9.71063059516513380e-03
1 2 9.71380979534203104e-01
2 2 -3.43120750434951418e+01
3 2 3.79108447545951771e-02
4 2 6.40679726179047448e-01
6 2 -4.88658738090719733e-02
7 2 2.90599724014163492e+01
17 2 4.12096863083341453e-02
18 2 1.42724302478606857e+00
19 2 4.07453628842207542e-03
20 2 6.88582069450307394e-02
22 2 1.80749457446176751e-02
23 2 8.01165374811718856e+00
33 2 4.03414055102365408e-03
34 2 1.39717126681712100e-01
35 2 5.33419666855091540e-03
36 2 9.01460171387542253e-02
38 2 1.21170462485760953e-03
39 2 9.39355909551682577e-01
49 2 6.50254896520946479e-03
50 2 2.25207189991353279e-01
51 2 3.39098114643561098e-03
52 2 5.73063693631713916e-02
54 2 2.64766003620481045e-03
55 2 1.33983264800589419e+00
65 2 3.37773650216300680e+01
66 2 1.42007256620946021e+00
67 2 6.49684228535226560e-01
68 2 7.72079288334080616e+00
69 2 3.65028599835615142e-01
70 2 -1.14247624373622486e-02
1 3 -7.82249138262602266e-04
2 3 -2.70921651253730120e-02
3 3 -8.95910457088218060e+00
4 3 7.80948454880467668e+00
6 3 9.91733188730849376e-04
7 3 2.44104945722598110e+00
17 3 -8.40736343690164973e-05
18 3 -2.91177921918143578e-03
19 3 1.96044455315645717e-02
20 3 3.31308122421419327e-01
22 3 -3.00853584445328172e-03
23 3 6.73072777452197180e-01
33 3 -1.10065359247530023e-04
34 3 -3.81196826108430109e-03
35 3 1.91913833333788131e-03
36 3 3.24327518909636806e-02
38 3 -3.55490604151717450e-04
39 3 5.00004237288129844e-02
49 3 -6.99692158494557345e-05
50 3 -2.42329132339671495e-03
51 3 3.09341998021727630e-03
52 3 5.22776920090173916e-02
54 3 -5.17420929836338883e-04
55 3 9.82453637248513340e-02
65 3 3.92414267223743085e+00
66 3 6.43681114960419354e-02
67 3 -1.40695102729539723e-01
68 3 9.32501950001687674e-01
69 3 -1.13191970822825068e-03
70 3 -3.61655717988265610e-02
1 4 -1.37926254934563203e-02
2 4 -4.77689356374472296e-01
3 4 8.14791896700894824e+00
4 4 -2.15182313186031706e+01
6 4 1.74862505978292462e-02
7 4 4.30406111399514586e+01
17 4 -1.48238725491100457e-03
18 4 -5.13405235306442914e-02
19 4 3.45665801338295275e-01
20 4 5.84162849402179951e+00
22 4 -5.30465374220116040e-02
23 4 1.18676266871414136e+01
33 4 -1.94067363663145758e-03
34 4 -6.72126667149199192e-02
35 4 3.38382684072440904e-02
36 4 5.71854641537590136e-01
38 4 -6.26801428045954592e-03
39 4 8.81608026488016727e-01
49 4 -1.23369799093134324e-03
50 4 -4.27274995270529173e-02
51 4 5.45432154465202712e-02
52 4 9.21760846095779574e-01
54 4 -9.12317158131887782e-03
55 4 1.73226334430345763e+00
65 4 6.91905271781740652e+01
66 4 1.13493925676644203e+00
67 4 -2.48073761387827574e+00
68 4 1.64418847387382243e+01
69 4 -1.99580208665099089e-02
70 4 -6.37671763609493292e-01
1 5 -9.13145719801214117e-02
2 5 -3.16255952410869101e+00
3 5 2.04184075024334638e-01
4 5 3.45063788801109528e+00
6 5 -7.37092163748188783e-02
7 5 -9.82265078523691137e+00
17 5 4.88425655808347944e-02
18 5 1.69159771118676439e+00
19 5 -3.42388603999543961e-01
20 5 -5.78624503033964466e+00
22 5 7.40320956664762830e-02
23 5 -2.70964800082697277e+00
33 5 6.58420195872121746e-03
34 5 2.28035133513432020e-01
35 5 -2.78462559074673481e-02
36 5 -4.70591771969033013e-01
38 5 7.68586169507268126e-03
39 5 1.94225147297421574e-01
49 5 8.71080728777328187e-03
50 5 3.01687298678023741e-01
51 5 -5.08683062597978519e-02
52 5 -8.59656194333916601e-01
54 5 1.22026829421421328e-02
55 5 -1.99698600949142158e-01
65 5 -3.06580782282622053e+01
66 5 4.92257034823119111e-01
67 5 3.23737365330329752e+00
68 5 -7.63672579885055658e+00
69 5 4.39494411458670797e-01
70 5 6.27135180033227435e-01
1 6 7.65238735242709481e+02
2 6 -3.16185054042109837e+00
3 6 -3.08305123970444905e-01
4 6 -5.21024640003675810e+00
5 6 3.76991118430775145e+02
6 6 -5.67862272586338312e-02
7 6 7.49828699327281072e+01
9 6 1.99999999999533906e+00
10 6 -2.99999999999300684e+01
11 6 2.22222222221704300e+01
12 6 2.50000000001637773e+02
13 6 -1.54074395550978868e-33
17 6 5.81184737018806824e-02
18 6 2.01285653041834323e+00
19 6 2.72438320624937780e-01
20 6 4.60411024308573236e+00
22 6 -1.49169903417856447e-02
23 6 2.06735433190343798e+01
33 6 4.30465066417744322e-03
34 6 1.49085886959189728e-01
35 6 3.37670706817624275e-02
36 6 5.70651425424590464e-01
38 6 -3.09142403487650463e-03
39 6 2.03074304482430890e+00
49 6 8.39957442772981677e-03
50 6 2.90908159879012307e-01
51 6 4.69403669602869444e-02
52 6 7.93275424104481597e-01
54 6 -3.22835395181000516e-03
55 6 3.26267863113874590e+00
65 6 1.01933654186517103e+02
66 6 2.91740900082533727e+00
67 6 -9.78875203581231257e-01
68 6 2.37829571841995424e+01
69 6 5.09538621327412455e-01
70 6 -5.08204561526514942e-01
1 7 -2.75518810564904122e+01
7 7 -1.00000000000180833e+02
8 7 -2.84217094304040074e-14
11 7 -7.85670177431011769e-17
1 8 1.37759405282199376e-01
8 8 -9.99999999999999778e-01
10 8 -5.12759625371512606e-25
11 8 4.14882423461410923e-25
1 9 -3.82665014671878225e+01
9 9 -9.99999999997668310e-02
10 9 1.49999999999650213e+00
11 9 -1.11111111110852012e+00
1 10 7.65330029345540765e+02
8 10 9.09494701772928238e-13
9 10 -1.00148357108136264e-31
10 10 -4.99999999999999929e+01
11 10 2.22222222222222214e+01
1 11 5.10220019563689853e+00
9 11 -1.54074395550978868e-33
10 11 2.74746918855543101e-15
11 11 -1.85185185185186424e-01
12 12 -1.00000000000000018e+01
13 12 -2.49999999998862199e+00
12 13 -1.32066956585743471e-15
13 13 -2.49999999998862199e+00
14 13 4.99999999997724487e+00
6 14 2.76923076913853511e-02
12 14 4.75441043704235122e-16
13 14 4.62223186652936605e-33
14 14 -4.99999999997724487e+00
15 14 3.33333333331816306e-01
6 15 2.07692307693076311e-02
12 15 4.22614261077273629e-16
13 15 4.62223186652936605e-33
15 15 -3.33333333331816306e-01
16 15 3.33333333331816339e+00
6 16 2.07692307693076311e-02
12 16 4.22614261077273629e-16
13 16 4.62223186652936605e-33
16 16 -3.33333333331816339e+00
1 17 3.22909993977053070e-02
2 17 1.11835609009296189e+00
3 17 6.52530059105396187e-02
4 17 1.10275247702194634e+00
6 17 5.44820500633996004e-03
7 17 8.40522830908358110e+00
17 17 -1.14479075347458670e+00
18 17 2.83062566920924503e+01
19 17 6.65926586432410150e-02
20 17 1.12539212938311173e+00
22 17 -4.91533955660084093e-02
23 17 2.46984036976397903e+01
33 17 4.90184306941809315e-03
34 17 1.69768856697364107e-01
35 17 1.25937613818674164e-02
36 17 2.12830066064963852e-01
38 17 5.17809104168748214e-04
39 17 1.36529383336142063e+00
49 17 8.21925352855872038e-03
50 17 2.84662983838614991e-01
51 17 1.35519553648307776e-02
52 17 2.29023201897342432e-01
54 17 1.89922904786349518e-03
55 17 2.02707909224209448e+00
65 17 5.53876985786445744e+01
66 17 2.03076896958113862e+00
67 17 4.25387484531567828e-01
68 17 1.27656290633560623e+01
69 17 4.69674838090988367e-01
70 17 -1.21868976375729410e-01
1 18 3.79910442857822883e-02
2 18 1.31576961191902075e+00
3 18 7.67715426455301969e-02
4 18 1.29741163086373890e+00
6 18 6.40992851056170800e-03
7 18 9.88892901670913815e+00
17 18 9.61575889003845941e-01
18 18 -3.46516613961342301e+01
19 18 7.83476724416009990e-02
20 18 1.32404766107371952e+00
22 18 -5.78300102993251353e-02
23 18 2.90581947343457543e+01
33 18 5.76712212708570867e-03
34 18 1.99736653353457777e-01
35 18 1.48168268343251992e-02
36 18 2.50399077638785772e-01
38 18 6.09213371372276731e-04
39 18 1.60629709373520013e+00
49 18 9.67012575094645076e-03
50 18 3.34912025866386187e-01
51 18 1.59441623371005675e-02
52 18 2.69450644701070663e-01
54 18 2.23448317525141863e-03
55 18 2.38490145862829195e+00
65 18 6.51647997534067969e+01
66 18 2.38924267742026153e+00
67 18 5.00477379607048412e-01
68 18 1.50190327994708355e+01
69 18 5.52582388487497633e-01
70 18 -1.43381430271938143e-01
1 19 -1.58409746515454902e-03
2 19 -5.48631222476907154e-02
3 19 1.80732595927853359e-02
4 19 3.05431627335738531e-01
6 19 -3.45819928998190688e-03
7 19 3.50948957381889137e-01
17 19 -1.61661919298419668e-03
18 19 -5.59894693121057302e-02
19 19 -8.96376908984498044e+00
20 19 7.73065584553552743e+00
22 19 1.19294193088987895e-03
23 19 2.06431880633073739e+00
33 19 -3.05729141568025125e-04
34 19 -1.05885247830326268e-02
35 19 2.74355962742056821e-03
36 19 4.63651770945737868e-02
38 19 -5.83409979305372483e-04
39 19 4.41154041673340880e-02
49 19 -3.28990486212555548e-04
50 19 -1.13941507138550259e-02
51 19 4.60031294946622055e-03
52 19 7.77436445924803293e-02
54 19 -8.79383671744526940e-04
55 19 1.03978073200489421e-01
65 19 4.82796076914545758e+00
66 19 4.95852944501540827e-02
67 19 -2.36716595999724944e-01
68 19 1.15773271419511814e+00
69 19 -1.42056578950011964e-02
70 19 -5.47476500597851926e-02
1 20 -2.79308240984925578e-02
2 20 -9.67347180777693216e-01
3 20 3.18667913860484320e-01
4 20 5.38537384528833663e+00
6 20 -6.09750082875065019e-02
7 20 6.18793591417469901e+00
17 20 -2.85042475647692105e-02
18 20 -9.87206944726599644e-01
19 20 8.06567411685302815e+00
20 20 -2.29081398901114426e+01
22 20 2.10339653741890356e-02
23 20 3.63980921194194309e+01
33 20 -5.39061961953618898e-03
34 20 -1.86696986569926809e-01
35 20 4.83744738204815033e-02
36 20 8.17511317460289044e-01
38 20 -1.02866912344271554e-02
39 20 7.77843296221361280e-01
49 20 -5.80076390664758905e-03
50 20 -2.00901791929418622e-01
51 20 8.11127690157770198e-02
52 20 1.37077680487067988e+00
54 20 -1.55053026665796893e-02
55 20 1.83334254144502395e+00
65 20 8.51266579006038171e+01
66 20 8.74288462436305092e-01
67 20 -4.17378964962689381e+00
68 20 2.04131560743956193e+01
69 20 -2.50474317771811061e-01
70 20 -9.65311173878118045e-01
1 21 7.02990374192129230e-02
2 21 2.43471425759082338e+00
3 21 -2.38411154845054207e-01
4 21 -4.02906330346663033e+00
6 21 6.89274161768962251e-02
7 21 4.64804472143454372e+00
17 21 -8.30208151174991471e-02
18 21 -2.87531621575438079e+00
19 21 3.13909410489045082e-01
20 21 5.30495683910526417e+00
22 21 -8.52199381453026539e-02
23 21 -4.81730885658954389e+00
33 21 1.18386476045152442e-02
34 21 4.10015914462992404e-01
35 21 -3.26974118552893489e-02
36 21 -5.52574573576895656e-01
38 21 1.11066857303201219e-02
39 21 9.85534851495007747e-01
49 21 1.65663410924178633e-02
50 21 5.73753330551280416e-01
51 21 -6.46581369599279476e-02
52 21 -1.09269940437591639e+00
54 21 1.81953201273148853e-02
55 21 7.75085504602338382e-01
65 21 -1.43548340849512233e+01
66 21 1.75263963674404399e+00
67 21 4.78631295161734283e+00
68 21 -4.11316590263327697e+00
69 21 8.64496918507219991e-01
70 21 8.20709897346149853e-01
1 22 3.37759496712082066e-02
2 22 1.16978538038538904e+00
3 22 3.46364432650698550e-01
4 22 5.85343511349514589e+00
6 22 -3.60148609151452748e-02
7 22 1.87698332046328566e+01
17 22 7.65214396908780486e+02
18 22 -4.00477630935995865e+00
19 22 -2.97422670109357912e-01
20 22 -5.02633681941386179e+00
21 22 3.76991118430775145e+02
22 22 -6.73410521868381962e-02
23 22 6.86592332413507478e+01
24 22 -9.09494701772928238e-13
25 22 1.99999999999533906e+00
26 22 -2.99999999999300755e+01
27 22 2.22222222221704335e+01
28 22 2.50000000001637773e+02
29 22 6.77927340424307020e-32
33 22 4.27414929360730913e-03
34 22 1.48029512298462590e-01
35 22 5.71146539149482227e-02
36 22 9.65217237123283778e-01
38 22 -6.75297407314466060e-03
39 22 2.88034361479271883e+00
49 22 9.56748604885623855e-03
50 22 3.31357235427596764e-01
51 22 8.30039352722683893e-02
52 22 1.40273683866077592e+00
54 22 -8.29125882266052057e-03
55 22 4.77952381554262473e+00
65 22 1.56568766273365583e+02
66 22 4.07469641437944574e+00
67 22 -2.37674311542980865e+00
68 22 3.66738142929484923e+01
69 22 6.06771642432568425e-01
70 22 -9.21320253393193678e-01
17 23 -2.75518810559000720e+01
23 23 -9.99999999990283044e+01
24 23 2.84217094304040074e-14
27 23 -6.05918415864101307e-17
17 24 1.37759405280847125e-01
24 24 -1.00000000000000000e+00
26 24 -5.91645666589807210e-25
27 24 2.86327296089830820e-25
17 25 -3.82665014668089114e+01
24 25 5.68434188608080149e-14
25 25 -9.99999999997668448e-02
26 25 1.49999999999650213e+00
27 25 -1.11111111110852057e+00
17 26 7.65330029337962628e+02
24 26 -9.09494701772928238e-13
25 26 -2.46519032881566189e-32
26 26 -4.99999999999999929e+01
27 26 2.22222222222222285e+01
17 27 5.10220019558642335e+00
25 27 -3.85185988877447171e-34
26 27 -3.43200292691825612e-16
27 27 -1.85185185185185036e-01
28 28 -1.00000000000000018e+01
29 28 -2.49999999998862243e+00
28 29 -2.09427168966821625e-15
29 29 -2.49999999998862243e+00
30 29 4.99999999997724487e+00
22 30 2.76923076924614174e-02
28 30 7.53937808286535521e-16
29 30 -1.47911419728939714e-31
30 30 -4.99999999997724487e+00
31 30 3.33333333331816306e-01
22 31 2.07692307691539103e-02
28 31 6.70166940696559210e-16
29 31 -1.41748443906900559e-31
31 31 -3.33333333331816306e-01
32 31 3.33333333331816339e+00
22 32 2.07692307691539103e-02
28 32 6.70166940696559210e-16
29 32 -1.41748443906900559e-31
32 32 -3.33333333331816339e+00
1 33 1.37046939253728200e-03
2 33 4.74643962719527232e-02
3 33 1.57581811584104614e-02
4 33 2.66307629254990685e-01
6 33 -1.71694647056680255e-03
7 33 8.22740099346475184e-01
17 33 2.90941916712205307e-03
18 33 1.00763887921516707e-01
19 33 2.27469289895923452e-02
20 33 3.84414969669062967e-01
22 33 -2.12685584417612742e-03
23 33 1.35510239191254422e+00
33 33 -1.13840219692265476e+00
34 33 2.85275159054961769e+01
35 33 4.48171702523334908e-02
36 33 7.57394158617486712e-01
38 33 -4.74115070031814953e-02
39 33 2.43915258713697014e+01
49 33 3.26835740252807705e-02
50 33 1.13195239351354293e+00
51 33 2.43298195592221329e-02
52 33 4.11165254535740543e-01
54 33 1.21697180937402529e-02
55 33 6.99661857023267686e+00
65 33 1.03346966057666112e+01
66 33 2.74681391429492772e-01
67 33 -1.44589861084244681e-01
68 33 3.24910866400043901e+01
69 33 1.21575692073095021e+00
70 33 -2.94533928589967908e-01
1 34 1.61238624865518709e-03
2 34 5.58428668793018446e-02
3 34 1.85398336817997160e-02
4 34 3.13316562676192512e-01
6 34 -2.02002386473848928e-03
7 34 9.67971141586346118e-01
17 34 3.42299323296548028e-03
18 34 1.18550846980164382e-01
19 34 2.67622434340188953e-02
20 34 4.52272348617764997e-01
22 34 -2.50229091922475567e-03
23 34 1.59430664715126058e+00
33 34 9.69092161011949949e-01
34 34 -3.43913452482340318e+01
35 34 5.27283494341411058e-02
36 34 8.91090259159786680e-01
38 34 -5.57806415351004559e-02
39 34 2.86971464761434873e+01
49 34 3.84529166446400603e-02
50 34 1.33176595068241310e+00
51 34 2.86245476937819314e-02
52 34 4.83744624979067506e-01
54 34 1.43179309302401744e-02
55 34 8.23166984331012586e+00
65 34 1.21589893082622904e+01
66 34 3.23168471119531897e-01
67 34 -1.70113032057998187e-01
68 34 3.82264511615367653e+01
69 34 1.43036375082023781e+00
70 34 -3.46525401301827463e-01
1 35 -3.82549347423676782e-04
2 35 -1.32490910913943376e-02
3 35 7.67051177023422219e-04
4 35 1.29628907306560473e-02
6 35 -2.95542853422184251e-04
7 35 -4.43203778449155900e-02
17 35 -5.52209849181770052e-04
18 35 -1.91250583555996959e-02
19 35 1.62840075725248327e-03
20 35 2.75193907711544228e-02
22 35 -4.97206832365147656e-04
23 35 -4.81962268881949082e-02
33 35 -1.08799226642971214e-03
34 35 -3.76811743157810033e-02
35 35 -8.96019341726927365e+00
36 35 7.79108343404057191e+00
38 35 9.41624266228181708e-04
39 35 2.40018203058398516e+00
49 35 -5.90636476488732871e-04
50 35 -2.04559138098142322e-02
51 35 1.82929834566313530e-02
52 35 3.09144882100572171e-01
54 35 -3.14620223387000828e-03
55 35 5.47851350427614903e-01
65 35 -5.89967636594204703e-02
66 35 -1.68541179447299454e-02
67 35 -3.20182378881026727e-02
68 35 3.04637309254855770e+00
69 35 -3.43323489900703924e-02
70 35 -1.41714712086055933e-01
1 36 -6.74511434234345217e-03
2 36 -2.33608121267043917e-01
3 36 1.35246548720994852e-02
4 36 2.28561833327982911e-01
6 36 -5.21101487382044128e-03
7 36 -7.81457394380903336e-01
17 36 -9.73657019358110075e-03
18 36 -3.37213241327638635e-01
19 36 2.87119802367929687e-02
20 36 4.85222203705631239e-01
22 36 -8.76675639021033855e-03
23 36 -8.49796407756941430e-01
33 36 -1.91834917248628958e-02
34 36 -6.64394884020620968e-01
35 36 8.12872041541907286e+00
36 36 -2.18426799784854779e+01
38 36 1.66027295197556726e-02
39 36 4.23200362195287028e+01
49 36 -1.04141089130211882e-02
50 36 -3.60678899476746806e-01
51 36 3.22542087468056848e-01
52 36 5.45084599454105945e+00
54 36 -5.54738727291216732e-02
55 36 9.65972109514261668e+00
65 36 -1.04023159205728288e+00
66 36 -2.97171994782260696e-01
67 36 -5.64545926035578294e-01
68 36 5.37136842006456376e+01
69 36 -6.05348358685846688e-01
70 36 -2.49871537737608795e+00
1 37 8.58970953790272850e-03
2 37 2.97493238147524652e-01
3 37 8.31003588801175821e-03
4 37 1.40436636316949914e-01
6 37 2.80635808997260544e-03
7 37 1.91124928109832304e+00
17 37 1.36839669341391624e-02
18 37 4.73926110769825382e-01
19 37 2.86942612472872302e-03
20 37 4.84922759116142577e-02
22 37 5.77214605480881691e-03
23 37 2.71363151715121109e+00
33 37 -9.09563042348636164e-02
34 37 -3.15015139421905355e+00
35 37 2.29256027053792694e-01
36 37 3.87434491603927933e+00
38 37 -8.19035391199691570e-02
39 37 -8.37619138185619860e+00
49 37 5.54369177739351612e-02
50 37 1.91998438465391486e+00
51 37 -2.86761046299794597e-01
52 37 -4.84615918773217569e+00
54 37 7.18841491071739447e-02
55 37 5.99343642037428737e-02
65 37 1.52921050742104967e+01
66 37 6.74117375336154456e-01
67 37 3.61179289918336255e-01
68 37 -8.51653535125817918e+00
69 37 2.27860236205448263e+00
70 37 2.07519911880276409e+00
1 38 -3.03246525922262061e-03
2 38 -1.05025426710328190e-01
3 38 3.68181132087985891e-02
4 38 6.22212953621485099e-01
6 38 -6.95309084616122820e-03
7 38 7.51482721336541593e-01
17 38 -2.83077509568099893e-03
18 38 -9.80401544389271629e-02
19 38 6.03792536915138747e-02
20 38 1.02038780650714700e+00
22 38 -1.04324767958527062e-02
23 38 1.58192288769831135e+00
33 38 7.65232518067566389e+02
34 38 -3.37717407137843884e+00
35 38 -3.10949132498226422e-01
36 38 -5.25492919912919465e+00
37 38 3.76991118430775145e+02
38 38 -6.56808928323156238e-02
39 38 7.38210695921592759e+01
41 38 1.99999999999533862e+00
42 38 -2.99999999999300826e+01
43 38 2.22222222221704122e+01
44 38 2.50000000001637773e+02
49 38 4.60893089416294643e-02
50 38 1.59624230604365280e+00
51 38 2.94267437407958798e-01
52 38 4.97301451451010390e+00
54 38 -2.34474536736608494e-02
55 38 1.92237105931763033e+01
65 38 1.63466853362720634e+01
66 38 2.22342357628204340e-01
67 38 -6.84482387964662542e-01
68 38 9.62413982296873058e+01
69 38 1.54287013958425256e+00
70 38 -2.45582048970754352e+00
33 39 -2.75518810563720962e+01
39 39 -1.00000000000180833e+02
40 39 -2.84217094304040074e-14
43 39 8.15872578623562544e-17
33 40 1.37759405281603353e-01
40 40 -9.99999999999999889e-01
41 40 7.70371977754894341e-34
42 40 -6.70531784460113601e-25
43 40 3.09700973540593230e-25
33 41 -3.82665014670234811e+01
41 41 -9.99999999997668310e-02
42 41 1.49999999999650280e+00
43 41 -1.11111111110851990e+00
33 42 7.65330029342253852e+02
40 42 9.09494701772928238e-13
41 42 -2.46519032881566189e-32
42 42 -5.00000000000000071e+01
43 42 2.22222222222222108e+01
33 43 5.10220019561498894e+00
41 43 3.85185988877447171e-34
42 43 2.32613880585529422e-15
43 43 -1.85185185185186257e-01
44 44 -9.99999999999999645e+00
45 44 -2.49999999998862199e+00
44 45 3.59757823023765293e-15
45 45 -2.49999999998862243e+00
46 45 4.99999999997724487e+00
38 46 2.91497975698793189e-02
44 46 -1.29512816287345596e-15
45 46 -8.01186856865090115e-32
46 46 -4.99999999997724487e+00
47 46 3.33333333331816306e-01
38 47 2.18623481782185616e-02
44 47 -1.15122503368393337e-15
45 47 -1.84889274661174642e-32
47 47 -3.33333333331816306e-01
48 47 3.33333333331816339e+00
38 48 2.18623481782185616e-02
44 48 -1.15122503368393337e-15
45 48 -1.84889274661174642e-32
48 48 -3.33333333331816339e+00
1 49 9.27568214277779690e-04
2 49 3.21250992772904309e-02
3 49 2.63200342013375534e-02
4 49 4.44799170640801322e-01
6 49 -3.51007932304865178e-03
7 49 1.11850469249451634e+00
17 49 2.75683445508805632e-03
18 49 9.54793180679609360e-02
19 49 3.95723128266495736e-02
20 49 6.68757942751365353e-01
22 49 -4.74539338100977634e-03
23 49 1.91740575092793830e+00
33 49 2.83288207433939551e-02
34 49 9.81131268602911555e-01
35 49 8.19611703140183112e-02
36 49 1.38511448357358691e+00
38 49 1.55907565787408295e-03
39 49 8.22656191171430251e+00
49 49 -1.14996529753831478e+00
50 49 2.81270431968441166e+01
51 49 9.57595557844694023e-02
52 49 1.61830226617634776e+00
54 49 -5.95689281767213807e-02
55 49 2.43940998496099937e+01
65 49 1.55582159805229185e+01
66 49 3.67191504288370496e-01
67 49 -3.17201394203680376e-01
68 49 5.87071622937589339e+01
69 49 1.74723321636530304e+00
70 49 -8.77955136603068342e-01
1 50 1.09130363766985774e-03
2 50 3.77958592825534678e-02
3 50 3.09660773465369049e-02
4 50 5.23315639196189175e-01
6 50 -4.12968262041547244e-03
7 50 1.31594444578987391e+00
17 50 3.24347408954036480e-03
18 50 1.12333438690471840e-01
19 50 4.65576636564215413e-02
20 50 7.86807875055773431e-01
22 50 -5.58305575714736387e-03
23 50 2.25586845114782797e+00
33 50 3.33294572326785291e-02
34 50 1.15432170483728558e+00
35 50 9.64290517231772698e-02
36 50 1.62961650824786863e+00
38 50 1.83428551199901714e-03
39 50 9.67872421842345965e+00
49 50 9.55487928384770258e-01
50 50 -3.48625098666548823e+01
51 50 1.12663144295655965e-01
52 50 1.90396687029935729e+00
54 50 -7.00841048784394682e-02
55 50 2.87001748160258501e+01
65 50 1.83045704174091064e+01
66 50 4.32008577033197172e-01
67 50 -3.73194154392145316e-01
68 50 6.90702190763812922e+01
69 50 2.05565686224134359e+00
70 50 -1.03293280163968682e+00
1 51 -6.38951399699891364e-04
2 51 -2.21292373248310054e-02
3 51 5.19159562705553425e-04
4 51 8.77361105062455029e-03
6 51 -3.79336717391438383e-04
7 51 -1.01365176305829890e-01
17 51 -9.60666862228815575e-04
18 51 -3.32714272076831477e-02
19 51 1.54299915427120148e-03
20 51 2.60761342051907402e-02
22 51 -6.69539123746891560e-04
23 51 -1.29187518056953943e-01
33 51 -1.98970883139459225e-03
34 51 -6.89109358832672853e-02
35 51 1.58556297669262200e-02
36 51 2.67954475908621037e-01
38 51 -3.48459772514312423e-03
39 51 2.13858313185058935e-01
49 51 -2.32468171336197224e-03
50 51 -8.05122789680784573e-02
51 51 -8.96666528011101960e+00
52 51 7.68171126520186753e+00
54 51 1.31578802450009642e-03
55 51 1.88867588692419974e+00
65 51 -5.15375985676493564e-01
66 51 -3.69745822427738208e-02
67 51 -4.28016796974181185e-02
68 51 3.30097134039291573e+00
69 51 -1.02338845279405052e-01
70 51 -2.03666249381093262e-01
1 52 -1.12659981756628620e-02
2 52 -3.90182958277349279e-01
3 52 9.15382717537803307e-03
4 52 1.54696407483789045e-01
6 52 -6.68846921393576044e-03
7 52 -1.78727191437971555e+00
17 52 -1.69384887839247114e-02
18 52 -5.86642174036263842e-01
19 52 2.72061782245621858e-02
20 52 4.59774687905843082e-01
22 52 -1.18053212657649280e-02
23 52 -2.27783575312872699e+00
33 52 -3.50825682127315977e-02
34 52 -1.21503838681432330e+00
35 52 2.79566640142077993e-01
36 52 4.72457629510649646e+00
38 52 -6.14404657894484715e-02
39 52 3.77075215317604018e+00
49 52 -4.09888137877683426e-02
50 52 -1.41959339692950559e+00
51 52 8.01460845791732268e+00
52 52 -2.37711312741299707e+01
54 52 2.31999890610454021e-02
55 52 3.33011542137640433e+01
65 52 -9.08711510318147297e+00
66 52 -6.51936244741991411e-01
67 52 -7.54679691777660699e-01
68 52 5.82027633341896262e+01
69 52 -1.80443965653530047e+00
70 52 -3.59104557099209432e+00
1 53 1.24258682447831153e-02
2 53 4.30353525299482398e-01
3 53 2.59152043974813957e-02
4 53 4.37957691650749492e-01
6 53 1.97573841123873956e-03
7 53 3.26329890052223748e+00
17 53 2.04942988144847064e-02
18 53 7.09792955277584237e-01
19 53 2.56084971688476729e-02
20 53 4.32774449110780224e-01
22 53 5.41589623667731914e-03
23 53 4.81328378569913973e+00
33 53 7.25333175966415555e-02
34 53 2.51209559883165401e+00
35 53 -1.68713755021268674e-01
36 53 -2.85120215783541786e+00
38 53 6.31111401825886764e-02
39 53 7.19635497831602144e+00
49 53 -8.07143235912458068e-02
50 53 -2.79543392987763806e+00
51 53 4.02285662393697396e-01
52 53 6.79848390866865504e+00
54 53 -1.02281992549202005e-01
55 53 -6.35435247862588426e-01
65 53 2.97218930311113461e+01
66 53 1.13607023893707004e+00
67 53 3.27810460387217728e-01
68 53 2.02670429094408497e+01
69 53 4.11664250312416691e+00
70 53 2.39969431310973924e+00
1 54 -7.01361862426947043e-03
2 54 -2.42907412230746300e-01
3 54 5.04891202225494634e-02
4 54 8.53248085833887226e-01
6 54 -1.08819721835854925e-02
7 54 4.94333124440163585e-01
17 54 -8.29135403168953372e-03
18 54 -2.87160089480406999e-01
19 54 8.61109258059882948e-02
20 54 1.45524386817357176e+00
22 54 -1.68081194036631756e-02
23 54 1.44380643478261783e+00
33 54 2.02476725809871624e-02
34 54 7.01251381608350877e-01
35 54 3.47719343876020548e-01
36 54 5.87633262892787744e+00
38 54 -4.40391870417105452e-02
39 54 1.64710245159702318e+01
49 54 7.65197711431163498e+02
50 54 -4.58265607645417106e+00
51 54 -2.99694888147556293e-01
52 54 -5.06473649211847921e+00
53 54 3.76991118430775145e+02
54 54 -8.09469722555299781e-02
55 54 6.56248768210347748e+01
57 54 1.99999999999533884e+00
58 54 -2.99999999999300790e+01
59 54 2.22222222221704335e+01
60 54 2.50000000001637773e+02
61 54 9.24446373305873209e-33
65 54 1.88444093375288269e+01
66 54 1.12815066663815633e-01
67 54 -1.09739444218952320e+00
68 54 1.41286344829978617e+02
69 54 1.52146842096691870e+00
70 54 -4.17721724447126252e+00
49 55 -2.75518810562123804e+01
55 55 -9.99999999990283044e+01
56 55 2.84217094304040074e-14
59 55 -1.03699884441146835e-16
49 56 1.37759405282409847e-01
56 56 -1.00000000000000000e+00
58 56 -4.73316518480703795e-25
59 56 3.50604445315496839e-26
49 57 -3.82665014672426693e+01
57 57 -9.99999999997668448e-02
58 57 1.49999999999650191e+00
59 57 -1.11111111110852034e+00
49 58 7.65330029346637957e+02
57 58 4.93038065763132378e-32
58 58 -4.99999999999999929e+01
59 58 2.22222222222222214e+01
49 59 5.10220019564422955e+00
56 59 -7.10542735760100186e-15
58 59 1.59313432584373005e-15
59 59 -1.85185185185185869e-01
60 60 -1.00000000000000018e+01
61 60 -2.49999999998862243e+00
60 61 -2.61706083143632463e-15
61 61 -2.49999999998862243e+00
62 61 4.99999999997724487e+00
54 62 2.91497975702029524e-02
60 62 9.42141899312924648e-16
61 62 -1.54074395550978868e-32
62 62 -4.99999999997724487e+00
63 62 3.33333333331816306e-01
54 63 2.18623481780567501e-02
60 63 8.37459466063035333e-16
61 63 -2.77333911991761963e-32
63 63 -3.33333333331816306e-01
64 63 3.33333333331816339e+00
54 64 2.18623481780567501e-02
60 64 8.37459466063035333e-16
61 64 -2.77333911991761963e-32
64 64 -3.33333333331816339e+00
1 65 3.39752717462918352e-02
2 65 1.17668863704258575e+00
3 65 -9.74041822675815981e-03
4 65 -1.64609586591509843e-01
6 65 1.74910811702486749e-02
7 65 6.03090523763183572e+00
17 65 5.19808978308468200e-02
18 65 1.80028970121496723e+00
19 65 -5.44559921377383641e-02
20 65 -9.20286803352903360e-01
22 65 3.18290132013313090e-02
23 65 8.01083438092210720e+00
33 65 7.94871358928461724e-03
34 65 2.75293190572876822e-01
35 65 -2.00656987823548535e-03
36 65 -3.39103137497671139e-02
38 65 4.34219964288374595e-03
39 65 1.39237571898979273e+00
49 65 1.21610084498424923e-02
50 65 4.21180456326161357e-01
51 65 -1.26329489715219633e-02
52 65 -2.13492322323615230e-01
54 65 7.91572406637562273e-03
55 65 1.82273961620380920e+00
65 65 -2.96156301069393123e+02
66 65 2.17294651030727737e+00
67 65 2.02560172117784187e+00
68 65 8.28251341061589486e+00
69 65 6.65723422046834101e-01
70 65 1.98628690727889995e-01
66 66 -9.99999999995448974e+00
67 67 -1.00000000000100009e+01
1 68 9.06807213142767944e-03
2 68 3.14060694396008200e-01
3 68 5.26921694879121105e-02
4 68 8.90478831000029003e-01
6 68 -3.62478493489288428e-03
7 68 3.59342909152821477e+00
17 68 1.66558598999564794e-02
18 68 5.76853696147143213e-01
19 68 7.08577247967993734e-02
20 68 1.19747022294936167e+00
22 68 -3.18119529165590857e-03
23 68 5.67096403055561904e+00
33 68 5.64402803628243910e-02
34 68 1.95473452193010733e+00
35 68 4.93423123268121669e-02
36 68 8.33867442290409322e-01
38 68 2.09014442670910974e-02
39 68 1.22159548500958035e+01
49 68 8.96590563339993429e-02
50 68 3.10522292754561402e+00
51 68 8.42303051656740319e-03
52 68 1.42346205152763278e-01
54 68 4.24947874200219122e-02
55 68 1.70942008067469544e+01
65 68 4.01687897841794523e+01
66 68 1.22024823364457191e+00
67 68 -2.34072114283441601e-01
68 68 -2.39314844903104870e+02
69 68 4.99887963265202817e+00
70 68 2.86906995224664452e-01
69 69 -9.99999999995448974e+00
70 70 -9.99999999995448974e+00
