1 1 -1.13645678481532819e+00
2 1 2.85948926828815111e+01
3 1 3.22228327267978093e-02
4 1 5.44554355930455647e-01
6 1 -4.15342071112167061e-02
7 1 2.46999146496913973e+01
17 1 3.50267275032511149e-02
18 1 1.21310441763754273e+00
19 1 3.46320695597732370e-03
20 1 5.85269597293260682e-02
22 1 1.53630433994527728e-02
23 1 6.80961292901055071e+00
33 1 3.42887205530472772e-03
34 1 1.18754452222749066e-01
35 1 4.53387224935746912e-03
36 1 7.66208205080167459e-02
38 1 1.02990465376906395e-03
39 1 7.98418197757094994e-01
49 1 5.52692900831126127e-03
50 1 1.91417882111000859e-01
51 1 2.88221006333749374e-03
52 1 4.87083199048403553e-02
54 1 2.25041428162093583e-03
55 1 1.13880879147024272e+00
65 1 2.87095259968337224e+01
66 1 1.20700978986588159e+00
67 1 5.52207853896260592e-01
68 1 6.56239182240819385e+00
69 1 3.10260971211266612e-01
70 1 -9.71063059516506094e-03
1 2 9.71380979534203215e-01
2 2 -3.43120750434951347e+01
3 2 3.79108447545951008e-02
4 2 6.40679726179046227e-01
6 2 -4.88658738090719733e-02
7 2 2.90599724014163527e+01
17 2 4.12096863083341175e-02
18 2 1.42724302478606768e+00
19 2 4.07453628842204332e-03
20 2 6.88582069450301981e-02
22 2 1.80749457446176647e-02
23 2 8.01165374811718323e+00
33 2 4.03414055102365061e-03
34 2 1.39717126681711989e-01
35 2 5.33419666855091540e-03
36 2 9.01460171387542253e-02
38 2 1.21170462485760801e-03
39 2 9.39355909551682133e-01
49 2 6.50254896520946219e-03
50 2 2.25207189991353168e-01
51 2 3.39098114643561835e-03
52 2 5.73063693631715096e-02
54 2 2.64766003620480915e-03
55 2 1.33983264800589419e+00
65 2 3.37773650216300538e+01
66 2 1.42007256620945932e+00
67 2 6.49684228535225783e-01
68 2 7.72079288334080527e+00
69 2 3.65028599835614975e-01
70 2 -1.14247624373623353e-02
1 3 -7.82249138262603675e-04
2 3 -2.70921651253730640e-02
3 3 -8.95910457088218060e+00
4 3 7.80948454880467580e+00
6 3 9.91733188730845906e-04
7 3 2.44104945722598110e+00
17 3 -8.40736343690166735e-05
18 3 -2.91177921918144142e-03
19 3 1.96044455315645683e-02
20 3 3.31308122421419271e-01
22 3 -3.00853584445328216e-03
23 3 6.73072777452197402e-01
33 3 -1.10065359247530145e-04
34 3 -3.81196826108430543e-03
35 3 1.91913833333788174e-03
36 3 3.24327518909636944e-02
38 3 -3.55490604151717559e-04
39 3 5.00004237288129774e-02
49 3 -6.99692158494559242e-05
50 3 -2.42329132339672189e-03
51 3 3.09341998021727760e-03
52 3 5.22776920090174124e-02
54 3 -5.17420929836339208e-04
55 3 9.82453637248513340e-02
65 3 3.92414267223743174e+00
66 3 6.43681114960419493e-02
67 3 -1.40695102729539750e-01
68 3 9.32501950001687674e-01
69 3 -1.13191970822826044e-03
70 3 -3.61655717988265679e-02
1 4 -1.37926254934563515e-02
2 4 -4.77689356374473406e-01
3 4 8.14791896700894824e+00
4 4 -2.15182313186031706e+01
6 4 1.74862505978291768e-02
7 4 4.30406111399514586e+01
17 4 -1.48238725491103081e-03
18 4 -5.13405235306452074e-02
19 4 3.45665801338295609e-01
20 4 5.84162849402180484e+00
22 4 -5.30465374220116803e-02
23 4 1.18676266871414207e+01
33 4 -1.94067363663146040e-03
34 4 -6.72126667149200163e-02
35 4 3.38382684072441181e-02
36 4 5.71854641537590691e-01
38 4 -6.26801428045955285e-03
39 4 8.81608026488017171e-01
49 4 -1.23369799093134671e-03
50 4 -4.27274995270530353e-02
51 4 5.45432154465203059e-02
52 4 9.21760846095780351e-01
54 4 -9.12317158131889169e-03
55 4 1.73226334430345874e+00
65 4 6.91905271781741078e+01
66 4 1.13493925676644269e+00
67 4 -2.48073761387827840e+00
68 4 1.64418847387382350e+01
69 4 -1.99580208665100373e-02
70 4 -6.37671763609493847e-01
1 5 -9.13145719801213424e-02
2 5 -3.16255952410868835e+00
3 5 2.04184075024334388e-01
4 5 3.45063788801109084e+00
6 5 -7.37092163748188367e-02
7 5 -9.82265078523692026e+00
17 5 4.88425655808348361e-02
18 5 1.69159771118676572e+00
19 5 -3.42388603999544128e-01
20 5 -5.78624503033964821e+00
22 5 7.40320956664763524e-02
23 5 -2.70964800082697188e+00
33 5 6.58420195872122787e-03
34 5 2.28035133513432381e-01
35 5 -2.78462559074673759e-02
36 5 -4.70591771969033457e-01
38 5 7.68586169507269081e-03
39 5 1.94225147297422018e-01
49 5 8.71080728777329227e-03
50 5 3.01687298678024129e-01
51 5 -5.08683062597979074e-02
52 5 -8.59656194333917600e-01
54 5 1.22026829421421484e-02
55 5 -1.99698600949141936e-01
65 5 -3.06580782282622231e+01
66 5 4.92257034823119943e-01
67 5 3.23737365330330018e+00
68 5 -7.63672579885055747e+00
69 5 4.39494411458671408e-01
70 5 6.27135180033227990e-01
1 6 -9.12941010478022924e-02
2 6 -3.16185054042110059e+00
3 6 -3.08305123970445072e-01
4 6 -5.21024640003676076e+00
5 6 3.76991118430775145e+02
6 6 -5.67862272586338243e-02
7 6 7.49828699327281072e+01
12 6 2.50000000001637773e+02
13 6 -2.31111593326468302e-33
17 6 5.81184737018806755e-02
18 6 2.01285653041834278e+00
19 6 2.72438320624937780e-01
20 6 4.60411024308573325e+00
22 6 -1.49169903417856655e-02
23 6 2.06735433190343798e+01
33 6 4.30465066417744669e-03
34 6 1.49085886959189839e-01
35 6 3.37670706817624483e-02
36 6 5.70651425424590797e-01
38 6 -3.09142403487650420e-03
39 6 2.03074304482431067e+00
49 6 8.39957442772981851e-03
50 6 2.90908159879012362e-01
51 6 4.69403669602869722e-02
52 6 7.93275424104481930e-01
54 6 -3.22835395181000993e-03
55 6 3.26267863113874679e+00
65 6 1.01933654186517103e+02
66 6 2.91740900082533727e+00
67 6 -9.78875203581231479e-01
68 6 2.37829571841995495e+01
69 6 5.09538621327412677e-01
70 6 -5.08204561526515053e-01
1 7 -2.75518810565670833e+01
7 7 -1.00000000000180833e+02
8 7 -2.84217094304040074e-14
1 8 1.37759405282580571e-01
8 8 -1.00000000000000000e+00
1 9 -3.82665014673835131e+01
9 9 -1.00000000000000006e-01
10 9 1.50000000000000000e+00
11 9 -1.11111111111111138e+00
1 10 7.65330029347670347e+02
10 10 -5.00000000000000000e+01
11 10 2.22222222222222285e+01
1 11 5.10220019565113603e+00
11 11 -1.85185185185185175e-01
12 12 -1.00000000000000036e+01
13 12 -2.49999999998862243e+00
12 13 -2.81632257729972508e-15
13 13 -2.49999999998862243e+00
14 13 4.99999999997724487e+00
6 14 2.76923076913853511e-02
12 14 1.01387612781842955e-15
13 14 2.31111593326468302e-33
14 14 -4.99999999997724487e+00
15 14 3.33333333331816306e-01
6 15 2.07692307693076311e-02
12 15 9.01223224742084383e-16
13 15 -5.39260384428426039e-33
15 15 -3.33333333331816306e-01
16 15 3.33333333331816339e+00
6 16 2.07692307693076311e-02
12 16 9.01223224742084383e-16
13 16 -5.39260384428426039e-33
16 16 -3.33333333331816339e+00
1 17 3.22909993977052931e-02
2 17 1.11835609009296144e+00
3 17 6.52530059105395077e-02
4 17 1.10275247702194457e+00
6 17 5.44820500633997219e-03
7 17 8.40522830908357754e+00
17 17 -1.14479075347458670e+00
18 17 2.83062566920924503e+01
19 17 6.65926586432409456e-02
20 17 1.12539212938311040e+00
22 17 -4.91533955660084024e-02
23 17 2.46984036976397832e+01
33 17 4.90184306941808881e-03
34 17 1.69768856697363912e-01
35 17 1.25937613818673921e-02
36 17 2.12830066064963436e-01
38 17 5.17809104168749190e-04
39 17 1.36529383336141930e+00
49 17 8.21925352855871864e-03
50 17 2.84662983838614880e-01
51 17 1.35519553648307568e-02
52 17 2.29023201897342071e-01
54 17 1.89922904786349691e-03
55 17 2.02707909224209226e+00
65 17 5.53876985786445459e+01
66 17 2.03076896958113817e+00
67 17 4.25387484531568383e-01
68 17 1.27656290633560481e+01
69 17 4.69674838090988089e-01
70 17 -1.21868976375729146e-01
1 18 3.79910442857822606e-02
2 18 1.31576961191901987e+00
3 18 7.67715426455300998e-02
4 18 1.29741163086373734e+00
6 18 6.40992851056171840e-03
7 18 9.88892901670912927e+00
17 18 9.61575889003845941e-01
18 18 -3.46516613961342301e+01
19 18 7.83476724416009851e-02
20 18 1.32404766107371930e+00
22 18 -5.78300102993251422e-02
23 18 2.90581947343457472e+01
33 18 5.76712212708571474e-03
34 18 1.99736653353457999e-01
35 18 1.48168268343252078e-02
36 18 2.50399077638785938e-01
38 18 6.09213371372277815e-04
39 18 1.60629709373520146e+00
49 18 9.67012575094645943e-03
50 18 3.34912025866386520e-01
51 18 1.59441623371005745e-02
52 18 2.69450644701070774e-01
54 18 2.23448317525142166e-03
55 18 2.38490145862829328e+00
65 18 6.51647997534067969e+01
66 18 2.38924267742026153e+00
67 18 5.00477379607048189e-01
68 18 1.50190327994708426e+01
69 18 5.52582388487498077e-01
70 18 -1.43381430271938254e-01
1 19 -1.58409746515454793e-03
2 19 -5.48631222476906738e-02
3 19 1.80732595927853359e-02
4 19 3.05431627335738531e-01
6 19 -3.45819928998190732e-03
7 19 3.50948957381889359e-01
17 19 -1.61661919298419494e-03
18 19 -5.59894693121056677e-02
19 19 -8.96376908984498044e+00
20 19 7.73065584553552476e+00
22 19 1.19294193088987938e-03
23 19 2.06431880633073739e+00
33 19 -3.05729141568025016e-04
34 19 -1.05885247830326233e-02
35 19 2.74355962742056907e-03
36 19 4.63651770945738076e-02
38 19 -5.83409979305372700e-04
39 19 4.41154041673341435e-02
49 19 -3.28990486212555385e-04
50 19 -1.13941507138550207e-02
51 19 4.60031294946622316e-03
52 19 7.77436445924803710e-02
54 19 -8.79383671744527157e-04
55 19 1.03978073200489463e-01
65 19 4.82796076914545846e+00
66 19 4.95852944501541382e-02
67 19 -2.36716595999724916e-01
68 19 1.15773271419511858e+00
69 19 -1.42056578950011808e-02
70 19 -5.47476500597851926e-02
1 20 -2.79308240984925647e-02
2 20 -9.67347180777693438e-01
3 20 3.18667913860484264e-01
4 20 5.38537384528833485e+00
6 20 -6.09750082875065019e-02
7 20 6.18793591417469813e+00
17 20 -2.85042475647692001e-02
18 20 -9.87206944726599311e-01
19 20 8.06567411685302638e+00
20 20 -2.29081398901114710e+01
22 20 2.10339653741890356e-02
23 20 3.63980921194194309e+01
33 20 -5.39061961953618204e-03
34 20 -1.86696986569926560e-01
35 20 4.83744738204814825e-02
36 20 8.17511317460288600e-01
38 20 -1.02866912344271519e-02
39 20 7.77843296221362057e-01
49 20 -5.80076390664758038e-03
50 20 -2.00901791929418289e-01
51 20 8.11127690157769365e-02
52 20 1.37077680487067854e+00
54 20 -1.55053026665796755e-02
55 20 1.83334254144502329e+00
65 20 8.51266579006037887e+01
66 20 8.74288462436304759e-01
67 20 -4.17378964962689292e+00
68 20 2.04131560743956122e+01
69 20 -2.50474317771810673e-01
70 20 -9.65311173878117490e-01
1 21 7.02990374192129230e-02
2 21 2.43471425759082338e+00
3 21 -2.38411154845054263e-01
4 21 -4.02906330346663122e+00
6 21 6.89274161768962390e-02
7 21 4.64804472143454195e+00
17 21 -8.30208151174991332e-02
18 21 -2.87531621575438034e+00
19 21 3.13909410489044860e-01
20 21 5.30495683910526061e+00
22 21 -8.52199381453026261e-02
23 21 -4.81730885658955188e+00
33 21 1.18386476045152511e-02
34 21 4.10015914462992681e-01
35 21 -3.26974118552894183e-02
36 21 -5.52574573576896877e-01
38 21 1.11066857303201358e-02
39 21 9.85534851495006858e-01
49 21 1.65663410924178738e-02
50 21 5.73753330551280749e-01
51 21 -6.46581369599280448e-02
52 21 -1.09269940437591817e+00
54 21 1.81953201273149096e-02
55 21 7.75085504602337938e-01
65 21 -1.43548340849512499e+01
66 21 1.75263963674404377e+00
67 21 4.78631295161734371e+00
68 21 -4.11316590263328585e+00
69 21 8.64496918507220768e-01
70 21 8.20709897346150630e-01
1 22 3.37759496712081719e-02
2 22 1.16978538038538793e+00
3 22 3.46364432650698550e-01
4 22 5.85343511349514589e+00
6 22 -3.60148609151453095e-02
7 22 1.87698332046328531e+01
17 22 -1.15632427398627211e-01
18 22 -4.00477630935996221e+00
19 22 -2.97422670109357912e-01
20 22 -5.02633681941386179e+00
21 22 3.76991118430775145e+02
22 22 -6.73410521868382239e-02
23 22 6.86592332413507194e+01
28 22 2.50000000001637773e+02
29 22 1.01689101063646053e-31
33 22 4.27414929360732040e-03
34 22 1.48029512298462979e-01
35 22 5.71146539149482851e-02
36 22 9.65217237123284777e-01
38 22 -6.75297407314466320e-03
39 22 2.88034361479272283e+00
49 22 9.56748604885625589e-03
50 22 3.31357235427597430e-01
51 22 8.30039352722684587e-02
52 22 1.40273683866077703e+00
54 22 -8.29125882266052751e-03
55 22 4.77952381554263006e+00
65 22 1.56568766273365611e+02
66 22 4.07469641437944663e+00
67 22 -2.37674311542981043e+00
68 22 3.66738142929485278e+01
69 22 6.06771642432569425e-01
70 22 -9.21320253393194344e-01
17 23 -2.75518810559736984e+01
23 23 -9.99999999990283044e+01
17 24 1.37759405281216663e-01
24 24 -1.00000000000000000e+00
17 25 -3.82665014670003956e+01
25 25 -1.00000000000000006e-01
26 25 1.50000000000000000e+00
27 25 -1.11111111111111138e+00
17 26 7.65330029340007968e+02
26 26 -5.00000000000000000e+01
27 26 2.22222222222222285e+01
17 27 5.10220019560005333e+00
24 27 7.10542735760100186e-15
27 27 -1.85185185185185175e-01
28 28 -1.00000000000000036e+01
29 28 -2.49999999998862155e+00
28 29 -3.85535140452515737e-15
29 29 -2.49999999998862155e+00
30 29 4.99999999997724487e+00
22 30 2.76923076924614174e-02
28 30 1.38792650564006112e-15
29 30 -2.06459690038311683e-31
30 30 -4.99999999997724487e+00
31 30 3.33333333331816306e-01
22 31 2.07692307691539103e-02
28 31 1.23371244945307607e-15
29 31 -2.15704153771370416e-31
31 31 -3.33333333331816306e-01
32 31 3.33333333331816339e+00
22 32 2.07692307691539103e-02
28 32 1.23371244945307607e-15
29 32 -2.15704153771370416e-31
32 32 -3.33333333331816339e+00
1 33 1.37046939253728092e-03
2 33 4.74643962719526885e-02
3 33 1.57581811584104718e-02
4 33 2.66307629254990796e-01
6 33 -1.71694647056680428e-03
7 33 8.22740099346475295e-01
17 33 2.90941916712205133e-03
18 33 1.00763887921516651e-01
19 33 2.27469289895923590e-02
20 33 3.84414969669063245e-01
22 33 -2.12685584417613089e-03
23 33 1.35510239191254445e+00
33 33 -1.13840219692265476e+00
34 33 2.85275159054961769e+01
35 33 4.48171702523335255e-02
36 33 7.57394158617487268e-01
38 33 -4.74115070031814953e-02
39 33 2.43915258713697050e+01
49 33 3.26835740252807705e-02
50 33 1.13195239351354293e+00
51 33 2.43298195592221503e-02
52 33 4.11165254535740821e-01
54 33 1.21697180937402512e-02
55 33 6.99661857023267864e+00
65 33 1.03346966057666148e+01
66 33 2.74681391429492772e-01
67 33 -1.44589861084244820e-01
68 33 3.24910866400044043e+01
69 33 1.21575692073095021e+00
70 33 -2.94533928589968130e-01
1 34 1.61238624865518709e-03
2 34 5.58428668793018376e-02
3 34 1.85398336817997195e-02
4 34 3.13316562676192567e-01
6 34 -2.02002386473849101e-03
7 34 9.67971141586346340e-01
17 34 3.42299323296547942e-03
18 34 1.18550846980164354e-01
19 34 2.67622434340188987e-02
20 34 4.52272348617765052e-01
22 34 -2.50229091922475741e-03
23 34 1.59430664715126080e+00
33 34 9.69092161011950060e-01
34 34 -3.43913452482340247e+01
35 34 5.27283494341411335e-02
36 34 8.91090259159787235e-01
38 34 -5.57806415351004628e-02
39 34 2.86971464761434945e+01
49 34 3.84529166446400533e-02
50 34 1.33176595068241266e+00
51 34 2.86245476937819245e-02
52 34 4.83744624979067450e-01
54 34 1.43179309302401744e-02
55 34 8.23166984331012586e+00
65 34 1.21589893082622940e+01
66 34 3.23168471119531953e-01
67 34 -1.70113032057998215e-01
68 34 3.82264511615367653e+01
69 34 1.43036375082023781e+00
70 34 -3.46525401301827352e-01
1 35 -3.82549347423676999e-04
2 35 -1.32490910913943445e-02
3 35 7.67051177023422219e-04
4 35 1.29628907306560473e-02
6 35 -2.95542853422184413e-04
7 35 -4.43203778449156524e-02
17 35 -5.52209849181770486e-04
18 35 -1.91250583555997097e-02
19 35 1.62840075725248371e-03
20 35 2.75193907711544297e-02
22 35 -4.97206832365147981e-04
23 35 -4.81962268881949429e-02
33 35 -1.08799226642971193e-03
34 35 -3.76811743157809964e-02
35 35 -8.96019341726927365e+00
36 35 7.79108343404057013e+00
38 35 9.41624266228180407e-04
39 35 2.40018203058398560e+00
49 35 -5.90636476488733196e-04
50 35 -2.04559138098142426e-02
51 35 1.82929834566313600e-02
52 35 3.09144882100572282e-01
54 35 -3.14620223387001002e-03
55 35 5.47851350427614903e-01
65 35 -5.89967636594208381e-02
66 35 -1.68541179447299592e-02
67 35 -3.20182378881026797e-02
68 35 3.04637309254855726e+00
69 35 -3.43323489900703924e-02
70 35 -1.41714712086055905e-01
1 36 -6.74511434234345477e-03
2 36 -2.33608121267044028e-01
3 36 1.35246548720994973e-02
4 36 2.28561833327983133e-01
6 36 -5.21101487382044648e-03
7 36 -7.81457394380903669e-01
17 36 -9.73657019358110769e-03
18 36 -3.37213241327638857e-01
19 36 2.87119802367930034e-02
20 36 4.85222203705631849e-01
22 36 -8.76675639021034722e-03
23 36 -8.49796407756941319e-01
33 36 -1.91834917248628889e-02
34 36 -6.64394884020620746e-01
35 36 8.12872041541907286e+00
36 36 -2.18426799784854779e+01
38 36 1.66027295197556657e-02
39 36 4.23200362195287028e+01
49 36 -1.04141089130211813e-02
50 36 -3.60678899476746473e-01
51 36 3.22542087468056793e-01
52 36 5.45084599454105856e+00
54 36 -5.54738727291216802e-02
55 36 9.65972109514261668e+00
65 36 -1.04023159205727955e+00
66 36 -2.97171994782260807e-01
67 36 -5.64545926035578627e-01
68 36 5.37136842006456376e+01
69 36 -6.05348358685846355e-01
70 36 -2.49871537737608751e+00
1 37 8.58970953790273023e-03
2 37 2.97493238147524708e-01
3 37 8.31003588801174087e-03
4 37 1.40436636316949609e-01
6 37 2.80635808997260977e-03
7 37 1.91124928109832193e+00
17 37 1.36839669341391607e-02
18 37 4.73926110769825326e-01
19 37 2.86942612472869439e-03
20 37 4.84922759116137789e-02
22 37 5.77214605480882038e-03
23 37 2.71363151715121109e+00
33 37 -9.09563042348635747e-02
34 37 -3.15015139421905221e+00
35 37 2.29256027053792416e-01
36 37 3.87434491603927489e+00
38 37 -8.19035391199690876e-02
39 37 -8.37619138185618795e+00
49 37 5.54369177739351196e-02
50 37 1.91998438465391352e+00
51 37 -2.86761046299794542e-01
52 37 -4.84615918773217480e+00
54 37 7.18841491071739308e-02
55 37 5.99343642037410973e-02
65 37 1.52921050742104949e+01
66 37 6.74117375336154456e-01
67 37 3.61179289918336421e-01
68 37 -8.51653535125820582e+00
69 37 2.27860236205448086e+00
70 37 2.07519911880276409e+00
1 38 -3.03246525922262235e-03
2 38 -1.05025426710328246e-01
3 38 3.68181132087986029e-02
4 38 6.22212953621485321e-01
6 38 -6.95309084616123341e-03
7 38 7.51482721336541815e-01
17 38 -2.83077509568100240e-03
18 38 -9.80401544389272878e-02
19 38 6.03792536915139233e-02
20 38 1.02038780650714789e+00
22 38 -1.04324767958527131e-02
23 38 1.58192288769831224e+00
33 38 -9.75112729039301490e-02
34 38 -3.37717407137843750e+00
35 38 -3.10949132498226477e-01
36 38 -5.25492919912919554e+00
37 38 3.76991118430775145e+02
38 38 -6.56808928323155961e-02
39 38 7.38210695921592617e+01
44 38 2.50000000001637773e+02
45 38 -1.23259516440783095e-32
49 38 4.60893089416294643e-02
50 38 1.59624230604365280e+00
51 38 2.94267437407958965e-01
52 38 4.97301451451010657e+00
54 38 -2.34474536736608737e-02
55 38 1.92237105931763068e+01
65 38 1.63466853362720705e+01
66 38 2.22342357628204423e-01
67 38 -6.84482387964662875e-01
68 38 9.62413982296873485e+01
69 38 1.54287013958425345e+00
70 38 -2.45582048970754396e+00
33 39 -2.75518810564482379e+01
39 39 -1.00000000000180833e+02
33 40 1.37759405281986325e-01
40 40 -1.00000000000000000e+00
33 41 -3.82665014672184469e+01
41 41 -1.00000000000000006e-01
42 41 1.50000000000000000e+00
43 41 -1.11111111111111138e+00
33 42 7.65330029344368882e+02
40 42 9.09494701772928238e-13
42 42 -5.00000000000000000e+01
43 42 2.22222222222222285e+01
33 43 5.10220019562912785e+00
40 43 -7.10542735760100186e-15
43 43 -1.85185185185185175e-01
44 44 -9.99999999999999645e+00
45 44 -2.49999999998862155e+00
44 45 2.61698138017545797e-15
45 45 -2.49999999998862155e+00
46 45 4.99999999997724487e+00
38 46 2.91497975698793189e-02
44 46 -9.42113296854364125e-16
45 46 -6.93334779979404907e-32
46 46 -4.99999999997724487e+00
47 46 3.33333333331816306e-01
38 47 2.18623481782185616e-02
44 47 -8.37434041661882367e-16
45 47 -1.38666955995880981e-32
47 47 -3.33333333331816306e-01
48 47 3.33333333331816339e+00
38 48 2.18623481782185616e-02
44 48 -8.37434041661882367e-16
45 48 -1.38666955995880981e-32
48 48 -3.33333333331816339e+00
1 49 9.27568214277778714e-04
2 49 3.21250992772903962e-02
3 49 2.63200342013375360e-02
4 49 4.44799170640801045e-01
6 49 -3.51007932304865135e-03
7 49 1.11850469249451612e+00
17 49 2.75683445508805415e-03
18 49 9.54793180679608666e-02
19 49 3.95723128266495527e-02
20 49 6.68757942751364909e-01
22 49 -4.74539338100977634e-03
23 49 1.91740575092793697e+00
33 49 2.83288207433939447e-02
34 49 9.81131268602911222e-01
35 49 8.19611703140182002e-02
36 49 1.38511448357358513e+00
38 49 1.55907565787409314e-03
39 49 8.22656191171429718e+00
49 49 -1.14996529753831478e+00
50 49 2.81270431968441130e+01
51 49 9.57595557844692913e-02
52 49 1.61830226617634598e+00
54 49 -5.95689281767213599e-02
55 49 2.43940998496099866e+01
65 49 1.55582159805229097e+01
66 49 3.67191504288370330e-01
67 49 -3.17201394203680043e-01
68 49 5.87071622937588771e+01
69 49 1.74723321636530238e+00
70 49 -8.77955136603067121e-01
1 50 1.09130363766986446e-03
2 50 3.77958592825536968e-02
3 50 3.09660773465368806e-02
4 50 5.23315639196188731e-01
6 50 -4.12968262041546637e-03
7 50 1.31594444578987413e+00
17 50 3.24347408954036871e-03
18 50 1.12333438690471965e-01
19 50 4.65576636564214857e-02
20 50 7.86807875055772432e-01
22 50 -5.58305575714735346e-03
23 50 2.25586845114782708e+00
33 50 3.33294572326785221e-02
34 50 1.15432170483728536e+00
35 50 9.64290517231771865e-02
36 50 1.62961650824786730e+00
38 50 1.83428551199901931e-03
39 50 9.67872421842345254e+00
49 50 9.55487928384770147e-01
50 50 -3.48625098666548823e+01
51 50 1.12663144295655840e-01
52 50 1.90396687029935507e+00
54 50 -7.00841048784394682e-02
55 50 2.87001748160258430e+01
65 50 1.83045704174090886e+01
66 50 4.32008577033197005e-01
67 50 -3.73194154392144706e-01
68 50 6.90702190763812354e+01
69 50 2.05565686224134270e+00
70 50 -1.03293280163968526e+00
1 51 -6.38951399699890931e-04
2 51 -2.21292373248309915e-02
3 51 5.19159562705552558e-04
4 51 8.77361105062453642e-03
6 51 -3.79336717391438221e-04
7 51 -1.01365176305829821e-01
17 51 -9.60666862228814924e-04
18 51 -3.32714272076831200e-02
19 51 1.54299915427120039e-03
20 51 2.60761342051907229e-02
22 51 -6.69539123746891126e-04
23 51 -1.29187518056953832e-01
33 51 -1.98970883139459138e-03
34 51 -6.89109358832672575e-02
35 51 1.58556297669262061e-02
36 51 2.67954475908620759e-01
38 51 -3.48459772514312120e-03
39 51 2.13858313185058574e-01
49 51 -2.32468171336197007e-03
50 51 -8.05122789680783740e-02
51 51 -8.96666528011101960e+00
52 51 7.68171126520186753e+00
54 51 1.31578802450009989e-03
55 51 1.88867588692419952e+00
65 51 -5.15375985676493120e-01
66 51 -3.69745822427737930e-02
67 51 -4.28016796974180838e-02
68 51 3.30097134039291173e+00
69 51 -1.02338845279404997e-01
70 51 -2.03666249381093095e-01
1 52 -1.12659981756628794e-02
2 52 -3.90182958277349889e-01
3 52 9.15382717537805216e-03
4 52 1.54696407483789378e-01
6 52 -6.68846921393577171e-03
7 52 -1.78727191437971755e+00
17 52 -1.69384887839247322e-02
18 52 -5.86642174036264730e-01
19 52 2.72061782245622205e-02
20 52 4.59774687905843638e-01
22 52 -1.18053212657649453e-02
23 52 -2.27783575312872966e+00
33 52 -3.50825682127316046e-02
34 52 -1.21503838681432352e+00
35 52 2.79566640142078049e-01
36 52 4.72457629510649735e+00
38 52 -6.14404657894484924e-02
39 52 3.77075215317604151e+00
49 52 -4.09888137877683703e-02
50 52 -1.41959339692950648e+00
51 52 8.01460845791732446e+00
52 52 -2.37711312741299423e+01
54 52 2.31999890610453674e-02
55 52 3.33011542137640504e+01
65 52 -9.08711510318148186e+00
66 52 -6.51936244741992077e-01
67 52 -7.54679691777661366e-01
68 52 5.82027633341896617e+01
69 52 -1.80443965653530092e+00
70 52 -3.59104557099209565e+00
1 53 1.24258682447831118e-02
2 53 4.30353525299482287e-01
3 53 2.59152043974813749e-02
4 53 4.37957691650749104e-01
6 53 1.97573841123874043e-03
7 53 3.26329890052223615e+00
17 53 2.04942988144847030e-02
18 53 7.09792955277584126e-01
19 53 2.56084971688476763e-02
20 53 4.32774449110780279e-01
22 53 5.41589623667731654e-03
23 53 4.81328378569913973e+00
33 53 7.25333175966415278e-02
34 53 2.51209559883165268e+00
35 53 -1.68713755021268869e-01
36 53 -2.85120215783542141e+00
38 53 6.31111401825887042e-02
39 53 7.19635497831601079e+00
49 53 -8.07143235912458484e-02
50 53 -2.79543392987763939e+00
51 53 4.02285662393697230e-01
52 53 6.79848390866865149e+00
54 53 -1.02281992549202005e-01
55 53 -6.35435247862602637e-01
65 53 2.97218930311113354e+01
66 53 1.13607023893706982e+00
67 53 3.27810460387217617e-01
68 53 2.02670429094408036e+01
69 53 4.11664250312416513e+00
70 53 2.39969431310973969e+00
1 54 -7.01361862426946262e-03
2 54 -2.42907412230746050e-01
3 54 5.04891202225494565e-02
4 54 8.53248085833887115e-01
6 54 -1.08819721835854890e-02
7 54 4.94333124440164251e-01
17 54 -8.29135403168951984e-03
18 54 -2.87160089480406500e-01
19 54 8.61109258059882393e-02
20 54 1.45524386817357110e+00
22 54 -1.68081194036631618e-02
23 54 1.44380643478261828e+00
33 54 2.02476725809871659e-02
34 54 7.01251381608351099e-01
35 54 3.47719343876020548e-01
36 54 5.87633262892787744e+00
38 54 -4.40391870417105452e-02
39 54 1.64710245159702318e+01
49 54 -1.32317913690953026e-01
50 54 -4.58265607645417195e+00
51 54 -2.99694888147556127e-01
52 54 -5.06473649211847654e+00
53 54 3.76991118430775145e+02
54 54 -8.09469722555299920e-02
55 54 6.56248768210347748e+01
60 54 2.50000000001637773e+02
61 54 2.73482052102987491e-32
65 54 1.88444093375288269e+01
66 54 1.12815066663815980e-01
67 54 -1.09739444218952276e+00
68 54 1.41286344829978646e+02
69 54 1.52146842096692003e+00
70 54 -4.17721724447126252e+00
49 55 -2.75518810562908101e+01
55 55 -9.99999999990283044e+01
56 55 2.84217094304040074e-14
49 56 1.37759405282786906e-01
56 56 -1.00000000000000000e+00
49 57 -3.82665014674408255e+01
56 57 5.68434188608080149e-14
57 57 -1.00000000000000006e-01
58 57 1.50000000000000000e+00
59 57 -1.11111111111111138e+00
49 58 7.65330029348816538e+02
58 58 -5.00000000000000000e+01
59 58 2.22222222222222285e+01
49 59 5.10220019565877791e+00
56 59 -7.10542735760100186e-15
59 59 -1.85185185185185175e-01
60 60 -1.00000000000000036e+01
61 60 -2.49999999998862155e+00
60 61 -3.86369617373746988e-15
61 61 -2.49999999998862155e+00
62 61 4.99999999997724487e+00
54 62 2.91497975702029524e-02
60 62 1.39093062253935902e-15
61 62 -5.27704804762102624e-32
62 62 -4.99999999997724487e+00
63 62 3.33333333331816306e-01
54 63 2.18623481780567501e-02
60 63 1.23638277560102689e-15
61 63 -5.43112244317200511e-32
63 63 -3.33333333331816306e-01
64 63 3.33333333331816339e+00
54 64 2.18623481780567501e-02
60 64 1.23638277560102689e-15
61 64 -5.43112244317200511e-32
64 64 -3.33333333331816339e+00
1 65 3.39752717462918005e-02
2 65 1.17668863704258464e+00
3 65 -9.74041822675814940e-03
4 65 -1.64609586591509677e-01
6 65 1.74910811702486645e-02
7 65 6.03090523763183128e+00
17 65 5.19808978308467784e-02
18 65 1.80028970121496590e+00
19 65 -5.44559921377383016e-02
20 65 -9.20286803352902250e-01
22 65 3.18290132013312882e-02
23 65 8.01083438092210010e+00
33 65 7.94871358928461551e-03
34 65 2.75293190572876767e-01
35 65 -2.00656987823546757e-03
36 65 -3.39103137497668156e-02
38 65 4.34219964288374248e-03
39 65 1.39237571898979318e+00
49 65 1.21610084498424975e-02
50 65 4.21180456326161579e-01
51 65 -1.26329489715219234e-02
52 65 -2.13492322323614536e-01
54 65 7.91572406637562100e-03
55 65 1.82273961620381053e+00
65 65 -2.96156301069393180e+02
66 65 2.17294651030727604e+00
67 65 2.02560172117784054e+00
68 65 8.28251341061590729e+00
69 65 6.65723422046834101e-01
70 65 1.98628690727889579e-01
66 66 -9.99999999995448974e+00
67 67 -1.00000000000100009e+01
1 68 9.06807213142767250e-03
2 68 3.14060694396007978e-01
3 68 5.26921694879120966e-02
4 68 8.90478831000028670e-01
6 68 -3.62478493489288775e-03
7 68 3.59342909152821255e+00
17 68 1.66558598999564725e-02
18 68 5.76853696147142991e-01
19 68 7.08577247967993595e-02
20 68 1.19747022294936145e+00
22 68 -3.18119529165591421e-03
23 68 5.67096403055561638e+00
33 68 5.64402803628244118e-02
34 68 1.95473452193010799e+00
35 68 4.93423123268123473e-02
36 68 8.33867442290412320e-01
38 68 2.09014442670910836e-02
39 68 1.22159548500958177e+01
49 68 8.96590563339994123e-02
50 68 3.10522292754561624e+00
51 68 8.42303051656765125e-03
52 68 1.42346205152767469e-01
54 68 4.24947874200219053e-02
55 68 1.70942008067469757e+01
65 68 4.01687897841794452e+01
66 68 1.22024823364457169e+00
67 68 -2.34072114283441851e-01
68 68 -2.39314844903104756e+02
69 68 4.99887963265203172e+00
70 68 2.86906995224662176e-01
69 69 -9.99999999995448974e+00
70 70 -9.99999999995448974e+00
