6.04807027027146713e-05 0.00000000000000000e+00
-5.47627606111527609e-02 0.00000000000000000e+00
-1.02207655354089488e-01 0.00000000000000000e+00
-1.02815342673679311e-01 0.00000000000000000e+00
-1.03010850620248437e-01 0.00000000000000000e+00
-1.78691022441707675e-01 0.00000000000000000e+00
-1.79104262959531579e-01 0.00000000000000000e+00
-1.80358003762951941e-01 0.00000000000000000e+00
-2.21136338284609602e-01 0.00000000000000000e+00
-3.22317620491254064e-01 0.00000000000000000e+00
-3.28682879965559116e-01 0.00000000000000000e+00
-3.28719634705186781e-01 0.00000000000000000e+00
-4.28697269610082810e-01 3.91903657510197334e+00
-4.28697269610082810e-01 -3.91903657510197334e+00
-9.26940995038388005e-01 9.33641627236672322e-01
-9.26940995038388005e-01 -9.33641627236672322e-01
-9.99999999999999556e-01 0.00000000000000000e+00
-1.00000000000000000e+00 0.00000000000000000e+00
-1.00000000000000200e+00 0.00000000000000000e+00
-1.00000000000000466e+00 0.00000000000000000e+00
-1.16711881155791053e+00 0.00000000000000000e+00
-2.24491526146970299e+00 0.00000000000000000e+00
-2.26041714936172555e+00 0.00000000000000000e+00
-2.27044266223191116e+00 0.00000000000000000e+00
-2.34809175402315251e+00 7.80650316607380113e+00
-2.34809175402315251e+00 -7.80650316607380113e+00
-2.43313373675291711e+00 8.13647934301159559e+00
-2.43313373675291711e+00 -8.13647934301159559e+00
-3.05952011306896932e+00 0.00000000000000000e+00
-3.08063396191108918e+00 0.00000000000000000e+00
-3.08925551893030814e+00 0.00000000000000000e+00
-3.13065885674591904e+00 0.00000000000000000e+00
-4.57724839479920398e+00 0.00000000000000000e+00
-4.74997670439294595e+00 8.62136602010473152e-01
-4.74997670439294595e+00 -8.62136602010473152e-01
-4.79442350970691855e+00 8.74430923839714325e-01
-4.79442350970691855e+00 -8.74430923839714325e-01
-4.90486813750648487e+00 0.00000000000000000e+00
-5.77813226925669365e+00 0.00000000000000000e+00
-6.17483986502999826e+00 0.00000000000000000e+00
-9.72061058716399096e+00 0.00000000000000000e+00
-9.76975295825475420e+00 0.00000000000000000e+00
-9.79159591759331249e+00 0.00000000000000000e+00
-9.80461067232416283e+00 0.00000000000000000e+00
-9.99999999995448974e+00 0.00000000000000000e+00
-9.99999999995448974e+00 0.00000000000000000e+00
-9.99999999995448974e+00 0.00000000000000000e+00
-1.00000000000100009e+01 0.00000000000000000e+00
-1.18290281805054747e+01 0.00000000000000000e+00
-1.24171846719741978e+01 0.00000000000000000e+00
-1.56359724595184559e+01 2.25604623365790466e+01
-1.56359724595184559e+01 -2.25604623365790466e+01
-1.72404730626471476e+01 1.65958873810182261e+01
-1.72404730626471476e+01 -1.65958873810182261e+01
-2.40307483802523514e+01 0.00000000000000000e+00
-2.43370140630405913e+01 6.53648469579563463e-01
-2.43370140630405913e+01 -6.53648469579563463e-01
-2.59619280447713052e+01 0.00000000000000000e+00
-3.05215030660499096e+01 9.47559608070056708e-02
-3.05215030660499096e+01 -9.47559608070056708e-02
-5.01741066774180737e+01 0.00000000000000000e+00
-5.02071130962944352e+01 0.00000000000000000e+00
-5.05020992329367147e+01 0.00000000000000000e+00
-5.05360930938468798e+01 0.00000000000000000e+00
-9.45537584450664355e+01 0.00000000000000000e+00
-9.59458895592904213e+01 0.00000000000000000e+00
-9.76282758073014634e+01 0.00000000000000000e+00
-9.76796168208043554e+01 0.00000000000000000e+00
-2.37130380579049444e+02 0.00000000000000000e+00
-3.01871387069914135e+02 0.00000000000000000e+00
